0 0.04374240583232077 0.14716312056737588 0.07290400972053462 0.21985815602836878
0 0.15036452004860265 0.1524822695035461 0.06743620899149452 0.1879432624113475
0 0.2448359659781288 0.16843971631205673 0.05589307411907654 0.1702127659574468
0 0.3435601458080194 0.15780141843971632 0.06500607533414338 0.1950354609929078
0 0.4295261239368165 0.14893617021276595 0.0583232077764277 0.22695035460992907
0 0.554678007290401 0.16134751773049644 0.05710814094775212 0.20921985815602837
0 0.6412515188335358 0.1675531914893617 0.05893074119076549 0.19680851063829788
0 0.741190765492102 0.16134751773049644 0.07168894289185905 0.1879432624113475
0 0.8356622114216281 0.13652482269503546 0.06743620899149452 0.18439716312056736
0 0.9383353584447144 0.16400709219858156 0.06257594167679222 0.18971631205673758
0 0.9310449574726609 0.4627659574468085 0.06500607533414338 0.21985815602836878
0 0.94228432563791 0.777482269503546 0.07168894289185905 0.22163120567375885
0 0.8347509113001215 0.7721631205673759 0.06682867557715674 0.225177304964539
0 0.8365735115431348 0.45390070921985815 0.06804374240583232 0.18439716312056736
0 0.7387606318347508 0.4654255319148936 0.07290400972053462 0.18971631205673758
0 0.7493924665856622 0.7898936170212766 0.06379100850546779 0.200354609929078
0 0.6424665856622114 0.4831560283687943 0.07837181044957472 0.21099290780141844
0 0.6409477521263669 0.7987588652482269 0.0583232077764277 0.19680851063829788
0 0.548906439854192 0.4769503546099291 0.06379100850546779 0.2127659574468085
0 0.5504252733900364 0.7881205673758865 0.06804374240583232 0.21453900709219859
0 0.44684082624544347 0.7907801418439716 0.06986634264884568 0.1879432624113475
0 0.4401579586877278 0.46099290780141844 0.06986634264884568 0.21985815602836878
0 0.3432563791008505 0.47429078014184395 0.07047387606318346 0.18971631205673758
0 0.3490279465370595 0.7845744680851063 0.06257594167679222 0.2074468085106383
0 0.2393681652490887 0.46187943262411346 0.07290400972053462 0.2180851063829787
0 0.24240583232077761 0.7801418439716312 0.06925880923450789 0.18439716312056736
0 0.16008505467800727 0.43351063829787234 0.05407047387606318 0.16489361702127658
0 0.1427703523693803 0.7845744680851063 0.06561360874848116 0.20390070921985815
0 0.05893074119076549 0.7934397163120567 0.06318347509113001 0.21453900709219859
0 0.04829890643985419 0.4778368794326241 0.06865127582017011 0.1826241134751773
