0 0.052984165651644335 0.12727272727272726 0.0730816077953715 0.19636363636363635
0 0.1559074299634592 0.15181818181818182 0.06942752740560292 0.20545454545454545
0 0.2560901339829476 0.15454545454545454 0.06394640682095006 0.1781818181818182
0 0.35414129110840437 0.15181818181818182 0.08587088915956151 0.22363636363636363
0 0.4555420219244823 0.15363636363636363 0.06942752740560292 0.22727272727272727
0 0.5493300852618758 0.15363636363636363 0.06699147381242387 0.1690909090909091
0 0.654993909866017 0.15454545454545454 0.07369062119366626 0.2290909090909091
0 0.7597442143727161 0.15 0.06760048721071864 0.22363636363636363
0 0.8507917174177831 0.1481818181818182 0.05968331303288672 0.18727272727272729
0 0.9500609013398295 0.1572727272727273 0.05237515225334957 0.20909090909090908
0 0.9491473812423873 0.4863636363636364 0.03958587088915956 0.20545454545454545
0 0.9518879415347137 0.7963636363636364 0.07064555420219244 0.24
0 0.849878197320341 0.7990909090909091 0.06760048721071864 0.22363636363636363
0 0.8541412911084043 0.4727272727272727 0.06638246041412911 0.21454545454545454
0 0.7484774665042631 0.4863636363636364 0.058465286236297195 0.23454545454545456
0 0.7527405602923264 0.7954545454545454 0.06211936662606577 0.2309090909090909
0 0.6546894031668696 0.4672727272727273 0.05968331303288672 0.21454545454545454
0 0.6571254567600486 0.7963636363636364 0.06455542021924482 0.22181818181818183
0 0.5590742996345919 0.4727272727272727 0.06090133982947624 0.21454545454545454
0 0.5624238733252132 0.7836363636363637 0.06151035322777101 0.1890909090909091
0 0.4528014616321559 0.4709090909090909 0.054202192448233856 0.1890909090909091
0 0.45523751522533495 0.79 0.05054811205846528 0.19818181818181818
0 0.35414129110840437 0.4781818181818182 0.05663824604141291 0.19272727272727272
0 0.35931790499390986 0.7718181818181818 0.06090133982947624 0.18
0 0.2560901339829476 0.46090909090909093 0.06881851400730815 0.21272727272727274
0 0.2557856272838002 0.7981818181818182 0.06090133982947624 0.23272727272727273
0 0.15682095006090133 0.47 0.05176613885505481 0.22
0 0.15773447015834346 0.7936363636363636 0.06455542021924482 0.22
0 0.06455542021924482 0.4727272727272727 0.06333739342265529 0.22545454545454546
0 0.055724725943970765 0.8027272727272727 0.06760048721071864 0.22727272727272727
