0 0.0488257107540173 0.18213660245183888 0.06427688504326329 0.18563922942206657
0 0.04480840543881335 0.4711033274956217 0.06365883807169344 0.19264448336252188
0 0.0519159456118665 0.8073555166374781 0.07045735475896167 0.2031523642732049
0 0.14493201483312732 0.798598949211909 0.058714462299134726 0.21015761821366025
0 0.15142150803461063 0.47723292469352013 0.069221260815822 0.20490367775831875
0 0.1492583436341162 0.18388791593695272 0.0661310259579728 0.22767075306479861
0 0.24999999999999997 0.1733800350262697 0.06983930778739184 0.21366024518388793
0 0.2518541409147095 0.4833625218914186 0.07849196538936959 0.21366024518388793
0 0.2580346106304079 0.7907180385288967 0.06983930778739184 0.18388791593695272
0 0.3510506798516687 0.8038528896672504 0.05315203955500618 0.18563922942206657
0 0.35135970333745364 0.4851138353765324 0.05995055624227441 0.2031523642732049
0 0.3553770086526576 0.1532399299474606 0.07292954264524103 0.159369527145359
0 0.4533374536464771 0.16199649737302976 0.05995055624227441 0.18739054290718038
0 0.4474660074165636 0.46847635726795095 0.06798516687268231 0.18038528896672504
0 0.4490111248454882 0.8073555166374781 0.07231149567367119 0.2171628721541156
0 0.5512978986402967 0.7758318739054291 0.08034610630407911 0.1681260945709282
0 0.5503708281829418 0.46847635726795095 0.06736711990111248 0.18388791593695272
0 0.5457354758961681 0.17513134851138354 0.060568603213844247 0.22066549912434325
0 0.6520395550061804 0.1576182136602452 0.0630407911001236 0.1646234676007005
0 0.6474042027194066 0.4754816112084063 0.0772558714462299 0.21541155866900175
0 0.6511124845488256 0.797723292469352 0.08220024721878862 0.2224168126094571
0 0.7512360939431396 0.8029772329246935 0.07231149567367119 0.2224168126094571
0 0.7549443757725587 0.4947460595446585 0.06365883807169344 0.19089316987740806
0 0.7527812113720642 0.1733800350262697 0.07292954264524103 0.23117338003502627
0 0.8507416563658837 0.1777583187390543 0.07972805933250926 0.21891418563922943
0 0.8430160692212607 0.47723292469352013 0.069221260815822 0.17688266199649738
0 0.8473423980222496 0.809106830122592 0.06551297898640296 0.20665499124343256
0 0.9483930778739184 0.8108581436077058 0.06736711990111248 0.2171628721541156
0 0.9477750309023485 0.48248686514886163 0.07231149567367119 0.2329246935201401
0 0.9490111248454882 0.17162872154115588 0.07231149567367119 0.22066549912434325
