0 0.06395696353855349 0.1634446397188049 0.05499103407053198 0.18277680140597538
0 0.06425582785415421 0.4683655536028119 0.06873879258816497 0.18101933216168717
0 0.06634787806335923 0.7794376098418277 0.06455469216975493 0.19507908611599295
0 0.16258218768679017 0.8022847100175746 0.06575014943215779 0.17750439367311072
0 0.26060968320382544 0.797891036906854 0.06335923490735205 0.19332161687170474
0 0.36013150029886426 0.7961335676625658 0.06515242080095636 0.2038664323374341
0 0.4554692169754931 0.7934973637961336 0.056186491332934844 0.18453427065026362
0 0.5502092050209204 0.773286467486819 0.0675433353257621 0.19332161687170474
0 0.6449491930663478 0.7847100175746924 0.06575014943215779 0.17398945518453426
0 0.7480573819485953 0.7882249560632688 0.06634787806335923 0.2056239015817223
0 0.844590555887627 0.7943760984182776 0.06694560669456066 0.19332161687170474
0 0.9411237298266586 0.7996485061511424 0.06037059175134488 0.2038664323374341
0 0.9450089659294679 0.4753954305799648 0.04781829049611476 0.18804920913884005
0 0.8475791990436341 0.45694200351493847 0.06455469216975493 0.2038664323374341
0 0.750448296473401 0.469244288224956 0.06276150627615062 0.20035149384885764
0 0.6551105797967722 0.44991212653778556 0.06096832038254632 0.14411247803163443
0 0.5555887627017334 0.469244288224956 0.059175134488942016 0.1968365553602812
0 0.45845786013150025 0.4762741652021089 0.05738194859533771 0.18277680140597538
0 0.35923490735206215 0.4789103690685413 0.06455469216975493 0.1704745166959578
0 0.25612671846981466 0.4780316344463972 0.05797967722653915 0.15817223198594024
0 0.1613867304243873 0.46397188049209137 0.06694560669456066 0.19332161687170474
0 0.1578003586371787 0.1555360281195079 0.07531380753138074 0.2126537785588752
0 0.25403466826060966 0.15729349736379614 0.06455469216975493 0.20913884007029876
0 0.35803945008965926 0.17223198594024602 0.06216377764494919 0.21792618629173988
0 0.4557680812910938 0.16695957820738136 0.07352062163777644 0.22495606326889278
0 0.5543933054393305 0.18014059753954303 0.06515242080095636 0.19507908611599295
0 0.6554094441123729 0.1625659050966608 0.06037059175134488 0.17750439367311072
0 0.7495517035265988 0.15817223198594024 0.06335923490735205 0.19332161687170474
0 0.8416019127316198 0.15817223198594024 0.05499103407053198 0.16520210896309315
0 0.94172145845786 0.16608084358523725 0.0520023909145248 0.16695957820738136
