0 0.0440625 0.17043478260869566 0.081875 0.1982608695652174
0 0.0425 0.48608695652173917 0.065 0.17217391304347826
0 0.0465625 0.7973913043478261 0.074375 0.20347826086956522
0 0.14250000000000002 0.7956521739130435 0.07125000000000001 0.1965217391304348
0 0.2425 0.8078260869565218 0.07 0.2
0 0.345625 0.7973913043478261 0.06875 0.20695652173913046
0 0.2509375 0.5052173913043478 0.075625 0.1965217391304348
0 0.1409375 0.48260869565217396 0.080625 0.21043478260869566
0 0.1415625 0.18695652173913044 0.068125 0.19304347826086957
0 0.241875 0.18782608695652175 0.065 0.17391304347826086
0 0.348125 0.1756521739130435 0.07375 0.19478260869565217
0 0.3465625 0.4852173913043478 0.061875 0.17043478260869566
0 0.45 0.1634782608695652 0.0775 0.18782608695652175
0 0.4459375 0.4930434782608696 0.064375 0.21043478260869566
0 0.4471875 0.7930434782608696 0.07187500000000001 0.1982608695652174
0 0.5453125 0.7982608695652175 0.07187500000000001 0.2191304347826087
0 0.555 0.46956521739130436 0.0475 0.16695652173913045
0 0.5484375 0.18434782608695652 0.076875 0.20173913043478262
0 0.6465625 0.18782608695652175 0.056875 0.1982608695652174
0 0.6471875 0.4982608695652174 0.064375 0.1965217391304348
0 0.6521875 0.7939130434782609 0.069375 0.1756521739130435
0 0.7468750000000001 0.7913043478260869 0.0775 0.19130434782608696
0 0.754375 0.4895652173913044 0.0675 0.1965217391304348
0 0.7459375 0.18347826086956523 0.061875 0.20695652173913046
0 0.851875 0.16521739130434784 0.0825 0.19130434782608696
0 0.85375 0.48608695652173917 0.07375 0.20347826086956522
0 0.8521875 0.7843478260869565 0.084375 0.18782608695652175
0 0.9525 0.7956521739130435 0.07875 0.20347826086956522
0 0.9534375 0.48347826086956525 0.074375 0.19478260869565217
0 0.9546875 0.18782608695652175 0.073125 0.20521739130434782
