0 0.04581551618814905 0.15099457504520794 0.06230910201588272 0.2151898734177215
0 0.049175320708613315 0.47197106690777574 0.0678069639584606 0.19891500904159132
0 0.043372021991447775 0.7775768535262206 0.064752596212584 0.15913200723327306
0 0.145693341478314 0.7902350813743219 0.07391569945021381 0.20253164556962025
0 0.24709835064141725 0.8010849909584087 0.061698228466707396 0.19168173598553345
0 0.34667073915699453 0.7983725135623869 0.07880268784361637 0.20795660036166363
0 0.4471594379963348 0.8028933092224231 0.07330482590103848 0.20976491862567812
0 0.5467318265119121 0.7983725135623869 0.07574832009773977 0.2260397830018083
0 0.44593769089798413 0.4647377938517179 0.0794135613927917 0.1844484629294756
0 0.536957849725107 0.4764918625678119 0.0708613317043372 0.18625678119349004
0 0.34636530238240687 0.47468354430379744 0.08430054978619426 0.21157323688969257
0 0.2495418448381185 0.4764918625678119 0.07147220525351253 0.21157323688969257
0 0.14783139890042762 0.472875226039783 0.07452657299938913 0.19710669077757684
0 0.14538790470372634 0.16455696202531644 0.064752596212584 0.20976491862567812
0 0.24557116676847893 0.15461121157323687 0.07452657299938913 0.18987341772151897
0 0.3436163714111179 0.15461121157323687 0.0678069639584606 0.18987341772151897
0 0.4471594379963348 0.16546112115732367 0.0708613317043372 0.21880650994575043
0 0.5430665852168601 0.15280289330922242 0.07330482590103848 0.2260397830018083
0 0.645693341478314 0.1717902350813743 0.07697006719609041 0.21338155515370705
0 0.7483200977397679 0.16455696202531644 0.06841783750763591 0.20976491862567812
0 0.6472205253512523 0.8074141048824592 0.0763591936469151 0.21157323688969257
0 0.743738546120953 0.7992766726943942 0.07513744654856445 0.2206148282097649
0 0.8475870494807575 0.8191681735985533 0.0678069639584606 0.20614828209764918
0 0.9428833231521075 0.8065099457504521 0.07269395235186317 0.20976491862567812
0 0.9453268173488089 0.47739602169981915 0.07391569945021381 0.21699819168173598
0 0.8433109346365303 0.4629294755877034 0.06047648136835675 0.20253164556962025
0 0.7425167990226024 0.4755877034358047 0.07147220525351253 0.19529837251356238
0 0.6411117898594991 0.47197106690777574 0.07147220525351253 0.1844484629294756
0 0.8457544288332316 0.1491862567811935 0.07269395235186317 0.20795660036166363
0 0.9462431276725718 0.15551537070524413 0.061087354917532075 0.19891500904159132
