0 0.056672760511883004 0.1903914590747331 0.07190737355271176 0.19217081850533807
0 0.051188299817184646 0.5097864768683273 0.06946983546617916 0.20818505338078291
0 0.05484460694698355 0.8113879003558718 0.06337599024984766 0.2099644128113879
0 0.15417428397318708 0.806049822064057 0.07068860450944546 0.20284697508896796
0 0.1529555149299208 0.49377224199288255 0.07312614259597806 0.22597864768683273
0 0.1529555149299208 0.1708185053380783 0.07800121876904327 0.18861209964412812
0 0.25472273004265694 0.16192170818505336 0.05240706886045095 0.16725978647686832
0 0.25319926873857407 0.47419928825622776 0.0627666057282145 0.19395017793594305
0 0.2522851919561243 0.8024911032028469 0.07800121876904327 0.21352313167259784
0 0.3482632541133455 0.8033807829181494 0.06764168190127971 0.22241992882562275
0 0.3537477148080439 0.49110320284697506 0.07373552711761122 0.199288256227758
0 0.3583180987202925 0.17348754448398576 0.05484460694698355 0.16548042704626334
0 0.4546008531383303 0.16459074733096085 0.06703229737964655 0.18327402135231316
0 0.44759293113954907 0.49288256227758004 0.06642291285801341 0.22419928825622776
0 0.44332723948811703 0.8078291814946619 0.06642291285801341 0.20640569395017794
0 0.5551492992078002 0.7935943060498221 0.07068860450944546 0.19572953736654802
0 0.5511882998171846 0.494661921708185 0.06764168190127971 0.199288256227758
0 0.5530164533820842 0.15213523131672596 0.061547836684948204 0.1868327402135231
0 0.6514320536258379 0.15747330960854092 0.062157221206581355 0.17615658362989323
0 0.6471663619744059 0.4919928825622776 0.06337599024984766 0.21530249110320285
0 0.6526508226691042 0.8078291814946619 0.06581352833638025 0.20284697508896796
0 0.7544180377818404 0.791814946619217 0.06459475929311397 0.18149466192170818
0 0.748933577087142 0.4848754448398576 0.07556368068251067 0.21530249110320285
0 0.7486288848263255 0.16637010676156583 0.07129798903107862 0.21530249110320285
0 0.8497867154174285 0.16192170818505336 0.0603290676416819 0.19572953736654802
0 0.8491773308957953 0.4848754448398576 0.07739183424741013 0.21530249110320285
0 0.8461304082876295 0.7891459074733096 0.06520414381474711 0.1797153024911032
0 0.9460694698354662 0.7793594306049821 0.06886045094454601 0.17437722419928825
0 0.9527726995734309 0.4688612099644128 0.07251675807434492 0.1797153024911032
0 0.943327239488117 0.15391459074733096 0.06459475929311397 0.18327402135231316
