0 0.049999999999999996 0.24225122349102773 0.05802469135802469 0.2039151712887439
0 0.14320987654320988 0.22593800978792825 0.06666666666666667 0.19738988580750408
0 0.2450617283950617 0.21451876019575858 0.06049382716049383 0.17455138662316477
0 0.3429012345679012 0.2177814029363785 0.05864197530864197 0.14518760195758565
0 0.45123456790123456 0.2169657422512235 0.05555555555555555 0.15986949429037522
0 0.5506172839506173 0.21615008156606852 0.04814814814814815 0.13539967373572595
0 0.6472222222222223 0.21207177814029365 0.056172839506172835 0.1631321370309951
0 0.7462962962962962 0.2169657422512235 0.056790123456790124 0.1435562805872757
0 0.8447530864197531 0.2177814029363785 0.05246913580246913 0.14192495921696574
0 0.9435185185185185 0.20962479608482873 0.05864197530864197 0.15497553017944535
0 0.9416666666666667 0.5163132137030996 0.056172839506172835 0.15497553017944535
0 0.9425925925925925 0.803425774877651 0.056790123456790124 0.16150081566068517
0 0.8462962962962963 0.8181076672104405 0.04938271604938271 0.15823817292006526
0 0.8466049382716049 0.5065252854812399 0.049999999999999996 0.15171288743882547
0 0.7398148148148148 0.5236541598694943 0.07098765432098765 0.16965742251223492
0 0.745679012345679 0.8156606851549756 0.056790123456790124 0.18270799347471453
0 0.6401234567901234 0.7944535073409462 0.07037037037037037 0.1761827079934747
0 0.644753086419753 0.5106035889070147 0.04876543209876543 0.13376835236541598
0 0.5429012345679012 0.5261011419249593 0.059876543209876544 0.18433931484502447
0 0.5496913580246914 0.7977161500815662 0.04876543209876543 0.1305057096247961
0 0.44598765432098764 0.5146818923327896 0.06111111111111111 0.17781402936378468
0 0.44320987654320987 0.8172920065252856 0.06790123456790123 0.18597063621533444
0 0.34598765432098766 0.8058727569331159 0.06358024691358025 0.15660685154975532
0 0.34598765432098766 0.5252854812398042 0.047530864197530866 0.1500815660685155
0 0.24938271604938272 0.5179445350734095 0.05185185185185185 0.13213703099510604
0 0.25123456790123455 0.8075040783034259 0.05925925925925926 0.1761827079934747
0 0.1478395061728395 0.8107667210440457 0.06975308641975309 0.17292006525285483
0 0.15123456790123457 0.535889070146819 0.07160493827160494 0.17781402936378468
0 0.047839506172839504 0.5187601957585645 0.059876543209876544 0.1533442088091354
0 0.04567901234567901 0.8099510603588908 0.06419753086419754 0.18107667210440456
