0 0.057212416311625075 0.1950596252129472 0.06451612903225806 0.16524701873935263
0 0.1506390748630554 0.19250425894378195 0.06512477175897748 0.18057921635434412
0 0.24710894704808278 0.1890971039182283 0.05599513085818625 0.17035775127768313
0 0.3423615337796713 0.217206132879046 0.06999391357273281 0.18568994889267462
0 0.44674376141205113 0.1890971039182283 0.05842970176506391 0.14310051107325383
0 0.5426049908703591 0.20272572402044292 0.06634205721241632 0.16013628620102216
0 0.63542300669507 0.1899488926746167 0.06329884357881924 0.15843270868824533
0 0.7340231284236154 0.19420783645655879 0.05964698721850274 0.15332197614991483
0 0.8341448569689592 0.20357751277683134 0.06755934266585514 0.17546848381601363
0 0.9345709068776629 0.20272572402044292 0.049300060864272674 0.15332197614991483
0 0.9351795496043822 0.5025553662691653 0.05660377358490566 0.17717206132879046
0 0.8399269628727937 0.5042589437819421 0.06451612903225806 0.18739352640545145
0 0.7431527693244065 0.5025553662691653 0.05356055995130858 0.17035775127768313
0 0.6445526475958613 0.5127768313458262 0.0620815581253804 0.19420783645655879
0 0.54169202678028 0.5034071550255537 0.05842970176506391 0.15502555366269166
0 0.4409616555082167 0.5110732538330494 0.06269020085209982 0.18739352640545145
0 0.3612294583079732 0.5136286201022147 0.05660377358490566 0.20272572402044292
0 0.2528910529519172 0.5093696763202725 0.054169202678028 0.18057921635434412
0 0.1469872185027389 0.49233390119250425 0.06634205721241632 0.18739352640545145
0 0.04869141813755326 0.4957410562180579 0.05599513085818625 0.1465076660988075
0 0.05447352404138771 0.8185689948892675 0.05660377358490566 0.1788756388415673
0 0.15276932440657334 0.7964224872231687 0.057212416311625075 0.161839863713799
0 0.24923919659160074 0.8109028960817717 0.06269020085209982 0.17035775127768313
0 0.35027388922702374 0.8015332197614992 0.05903834449178332 0.19931856899488928
0 0.43974437005477784 0.7879045996592845 0.060255629945222156 0.15502555366269166
0 0.5413877054169203 0.7921635434412266 0.057821059038344495 0.1567291311754685
0 0.6412051125989044 0.7913117546848382 0.06390748630553865 0.16524701873935263
0 0.73950091296409 0.7947189097103918 0.06086427267194157 0.14480408858603067
0 0.8384053560559952 0.7938671209540035 0.05660377358490566 0.16013628620102216
0 0.9367011564211808 0.7955706984667803 0.05842970176506391 0.16354344122657583
