0 0.04963459196102314 0.22058823529411764 0.052984165651644335 0.17973856209150327
0 0.15073081607795372 0.22303921568627452 0.05663824604141291 0.18137254901960784
0 0.24695493300852617 0.21650326797385622 0.05054811205846528 0.19771241830065361
0 0.34805115712545676 0.2107843137254902 0.0761266747868453 0.21568627450980393
0 0.43696711327649207 0.22712418300653595 0.06394640682095006 0.18300653594771243
0 0.5395858708891595 0.2042483660130719 0.07429963459196103 0.19281045751633988
0 0.6382460414129111 0.21323529411764708 0.06577344701583435 0.18790849673202614
0 0.729293544457978 0.21405228758169936 0.0712545676004872 0.20261437908496732
0 0.8325213154689403 0.2181372549019608 0.07064555420219244 0.2042483660130719
0 0.9384896467722289 0.2058823529411765 0.058465286236297195 0.20915032679738563
0 0.9272228989037758 0.4959150326797386 0.06638246041412911 0.20098039215686275
0 0.9308769792935444 0.7933006535947713 0.07003654080389768 0.1911764705882353
0 0.8456151035322776 0.4991830065359477 0.05907429963459196 0.18137254901960784
0 0.8334348355663824 0.7851307189542484 0.06029232643118148 0.15522875816993464
0 0.7359926918392204 0.505718954248366 0.06881851400730815 0.17483660130718956
0 0.7384287454323994 0.7859477124183006 0.054202192448233856 0.18627450980392157
0 0.6388550548112059 0.4959150326797386 0.07429963459196103 0.1911764705882353
0 0.6403775883069427 0.7794117647058824 0.07003654080389768 0.19607843137254902
0 0.53836784409257 0.4877450980392157 0.05724725943970767 0.16830065359477125
0 0.5325822168087697 0.7834967320261438 0.06394640682095006 0.1911764705882353
0 0.4406211936662606 0.5040849673202614 0.07247259439707673 0.184640522875817
0 0.4424482338611449 0.7777777777777778 0.06394640682095006 0.1503267973856209
0 0.34257003654080387 0.5106209150326797 0.05785627283800243 0.19444444444444445
0 0.34470158343483553 0.7916666666666667 0.06455542021924482 0.18137254901960784
0 0.2496954933008526 0.5130718954248367 0.07186358099878197 0.17647058823529413
0 0.24116930572472592 0.7933006535947713 0.06090133982947624 0.18790849673202614
0 0.15103532277710108 0.7949346405228759 0.06333739342265529 0.18137254901960784
0 0.14738124238733252 0.4820261437908497 0.07186358099878197 0.17647058823529413
0 0.049939098660170524 0.47303921568627455 0.058465286236297195 0.16176470588235295
0 0.04719853836784409 0.7908496732026145 0.05907429963459196 0.16993464052287582
