0 0.03961322520274485 0.1934931506849315 0.0630068621334997 0.18835616438356162
0 0.048034934497816595 0.48972602739726023 0.06986899563318777 0.1952054794520548
0 0.0470991890205864 0.7816780821917808 0.06550218340611354 0.19691780821917806
0 0.14878353087960075 0.7773972602739726 0.054273237679351216 0.1404109589041096
0 0.2454772301933874 0.7773972602739726 0.048034934497816595 0.1541095890410959
0 0.35028072364316903 0.771404109589041 0.07049282595134124 0.17294520547945205
0 0.4479101684341859 0.785958904109589 0.05739238927011853 0.1678082191780822
0 0.545227698066126 0.7945205479452054 0.0611353711790393 0.19863013698630136
0 0.6469120399251403 0.8013698630136986 0.06487835308796007 0.1815068493150685
0 0.7507797878976918 0.7910958904109588 0.061759201497192766 0.1917808219178082
0 0.8418590143480973 0.7731164383561644 0.06550218340611354 0.17294520547945205
0 0.9507174048658765 0.7893835616438356 0.06363069245165315 0.18493150684931506
0 0.9557080474111042 0.4580479452054794 0.051154086088583905 0.1626712328767123
0 0.8552713661883967 0.4871575342465753 0.07610729881472239 0.22431506849315067
0 0.7492202121023082 0.4922945205479452 0.058640049906425455 0.19006849315068491
0 0.653150343106675 0.48030821917808214 0.07485963817841547 0.1763698630136986
0 0.5461634435433562 0.485445205479452 0.06051154086088584 0.19006849315068491
0 0.4529008109794136 0.48373287671232873 0.06862133499688085 0.19006849315068491
0 0.35152838427947597 0.4811643835616438 0.06799750467872738 0.1917808219178082
0 0.24672489082969432 0.48202054794520544 0.061759201497192766 0.15582191780821916
0 0.14192139737991266 0.48972602739726023 0.05801621958827199 0.1643835616438356
0 0.15221459762944478 0.16695205479452055 0.06737367436057393 0.1797945205479452
0 0.24828446662507797 0.19434931506849315 0.06487835308796007 0.18664383561643835
0 0.3424828446662508 0.18065068493150685 0.07485963817841547 0.19691780821917806
0 0.45009357454772303 0.1815068493150685 0.06051154086088584 0.14383561643835616
0 0.5502183406113537 0.1797945205479452 0.058640049906425455 0.1780821917808219
0 0.6462882096069869 0.1875 0.05739238927011853 0.1763698630136986
0 0.7448533998752339 0.19092465753424656 0.07111665626949469 0.1934931506849315
0 0.8480973175296319 0.17294520547945205 0.06799750467872738 0.1815068493150685
0 0.954772301933874 0.17123287671232876 0.07174048658764816 0.1815068493150685
