0 0.05715158924205379 0.2206840390879479 0.07396088019559902 0.1775244299674267
0 0.0632640586797066 0.48859934853420195 0.06907090464547677 0.1726384364820847
0 0.06051344743276284 0.7972312703583062 0.06234718826405868 0.1742671009771987
0 0.15556234718826406 0.7858306188925082 0.0617359413202934 0.1449511400651466
0 0.2536674816625917 0.7630293159609121 0.07334963325183375 0.16449511400651468
0 0.15892420537897312 0.508957654723127 0.0745721271393643 0.1742671009771987
0 0.16381418092909536 0.21579804560260588 0.06723716381418093 0.18729641693811075
0 0.2591687041564792 0.1962540716612378 0.07579462102689487 0.1710097719869707
0 0.2622249388753056 0.502442996742671 0.06968215158924206 0.16123778501628666
0 0.3529951100244499 0.20684039087947884 0.07273838630806846 0.18892508143322476
0 0.3462713936430318 0.48941368078175895 0.06907090464547677 0.16449511400651468
0 0.35360635696821513 0.7752442996742671 0.06662591687041565 0.1498371335504886
0 0.4520171149144254 0.7744299674267101 0.059290953545232276 0.15146579804560262
0 0.4569070904645477 0.494299674267101 0.07029339853300734 0.18729641693811075
0 0.45965770171149145 0.18973941368078176 0.06723716381418093 0.1449511400651466
0 0.5522616136919315 0.1986970684039088 0.0776283618581907 0.18566775244299674
0 0.5443154034229829 0.48859934853420195 0.0678484107579462 0.20195439739413681
0 0.5455378973105135 0.7638436482084691 0.07029339853300734 0.15635179153094464
0 0.6485330073349633 0.7842019543973942 0.06968215158924206 0.16449511400651468
0 0.6509779951100244 0.502442996742671 0.07090464547677261 0.18403908794788273
0 0.6546454767726161 0.21172638436482086 0.06356968215158924 0.1693811074918567
0 0.7475550122249389 0.20439739413680783 0.07090464547677261 0.18403908794788273
0 0.7475550122249389 0.512214983713355 0.0745721271393643 0.18078175895765472
0 0.7490831295843521 0.7956026058631922 0.07396088019559902 0.1482084690553746
0 0.8490220048899756 0.7850162866449512 0.07823960880195599 0.19543973941368079
0 0.9504889975550123 0.7939739413680782 0.05867970660146699 0.16123778501628666
0 0.8505501222493888 0.49185667752442996 0.0715158924205379 0.18892508143322476
0 0.9443765281173594 0.503257328990228 0.07579462102689487 0.18892508143322476
0 0.8490220048899756 0.20276872964169382 0.06845965770171149 0.20358306188925082
0 0.9452933985330073 0.19136807817589577 0.0776283618581907 0.19055374592833876
