0 0.05092592592592592 0.20725806451612902 0.07839506172839505 0.18870967741935485
0 0.04969135802469136 0.4967741935483871 0.07839506172839505 0.16774193548387098
0 0.049999999999999996 0.8217741935483871 0.06172839506172839 0.18548387096774194
0 0.15308641975308643 0.7782258064516129 0.07777777777777778 0.1629032258064516
0 0.14969135802469136 0.4870967741935484 0.06728395061728396 0.16451612903225807
0 0.14290123456790124 0.23306451612903226 0.06851851851851852 0.20161290322580644
0 0.24537037037037038 0.225 0.06604938271604938 0.1693548387096774
0 0.2515432098765432 0.48951612903225805 0.07222222222222222 0.15
0 0.2506172839506173 0.782258064516129 0.07777777777777778 0.14838709677419354
0 0.3478395061728395 0.8056451612903226 0.06358024691358025 0.1693548387096774
0 0.35246913580246914 0.4935483870967742 0.07407407407407407 0.14193548387096774
0 0.34598765432098766 0.22983870967741934 0.07716049382716049 0.18548387096774194
0 0.4422839506172839 0.2153225806451613 0.06728395061728396 0.19516129032258064
0 0.4462962962962963 0.5088709677419355 0.07407407407407407 0.17258064516129032
0 0.4509259259259259 0.7774193548387097 0.0808641975308642 0.18064516129032257
0 0.5509259259259259 0.7943548387096774 0.06728395061728396 0.16612903225806452
0 0.6478395061728395 0.7903225806451613 0.059876543209876544 0.13870967741935483
0 0.7472222222222222 0.8201612903225807 0.06728395061728396 0.18548387096774194
0 0.8441358024691358 0.8104838709677419 0.06604938271604938 0.17903225806451614
0 0.9438271604938271 0.8088709677419355 0.0654320987654321 0.1693548387096774
0 0.9419753086419753 0.5112903225806451 0.05555555555555555 0.1935483870967742
0 0.8462962962962963 0.5185483870967742 0.06172839506172839 0.1693548387096774
0 0.7441358024691358 0.4870967741935484 0.06604938271604938 0.14516129032258066
0 0.644753086419753 0.475 0.06234567901234568 0.13709677419354838
0 0.5487654320987654 0.4814516129032258 0.07037037037037037 0.15645161290322582
0 0.5487654320987654 0.20161290322580644 0.07654320987654321 0.16774193548387098
0 0.6466049382716049 0.21451612903225806 0.059876543209876544 0.16129032258064516
0 0.7450617283950617 0.2032258064516129 0.07654320987654321 0.16129032258064516
0 0.8462962962962963 0.19596774193548386 0.08271604938271605 0.1532258064516129
0 0.9450617283950618 0.2056451612903226 0.07654320987654321 0.17580645161290323
