0 0.053693358162631905 0.17986230636833048 0.07510862818125388 0.18072289156626506
0 0.05058969584109249 0.49397590361445787 0.06517690875232775 0.1962134251290878
0 0.04934823091247672 0.7865748709122203 0.06641837368094351 0.16867469879518074
0 0.15083798882681565 0.783132530120482 0.0670391061452514 0.18932874354561102
0 0.148975791433892 0.4776247848537005 0.06828057107386716 0.17728055077452667
0 0.14928615766604594 0.18244406196213425 0.06890130353817504 0.1962134251290878
0 0.2532588454376164 0.1764199655765921 0.06579764121663563 0.17039586919104993
0 0.250155183116077 0.5017211703958692 0.0782122905027933 0.19104991394148021
0 0.25139664804469275 0.787435456110155 0.06828057107386716 0.17728055077452667
0 0.3469894475481068 0.7839931153184165 0.0670391061452514 0.1566265060240964
0 0.351024208566108 0.5034423407917384 0.07883302296710118 0.19793459552495699
0 0.3494723774053383 0.19535283993115318 0.07076350093109869 0.19793459552495699
0 0.4509621353196772 0.17814113597246128 0.07759155803848541 0.1944922547332186
0 0.45251396648044695 0.4776247848537005 0.08069522036002483 0.1944922547332186
0 0.4484792054624457 0.770223752151463 0.061452513966480445 0.1394148020654045
0 0.5499689633767846 0.8046471600688468 0.0670391061452514 0.18760757314974183
0 0.6427684667908131 0.7796901893287436 0.06517690875232775 0.17555938037865748
0 0.5437616387337058 0.5017211703958692 0.06828057107386716 0.18416523235800344
0 0.5515207945375543 0.17900172117039587 0.07759155803848541 0.1962134251290878
0 0.648975791433892 0.18674698795180725 0.07138423339540657 0.1944922547332186
0 0.648975791433892 0.48881239242685026 0.07635009310986965 0.22375215146299485
0 0.7535692116697703 0.5060240963855421 0.074487895716946 0.1962134251290878
0 0.7523277467411545 0.7900172117039587 0.07572936064556177 0.17555938037865748
0 0.7507759155803848 0.17900172117039587 0.07759155803848541 0.20309810671256456
0 0.8519553072625698 0.1919104991394148 0.06021104903786468 0.1738382099827883
0 0.851024208566108 0.5008605851979346 0.0670391061452514 0.18932874354561102
0 0.8497827436374923 0.7839931153184165 0.07076350093109869 0.17728055077452667
0 0.9500310366232154 0.7788296041308089 0.06890130353817504 0.17728055077452667
0 0.9509621353196772 0.46815834767642 0.07324643078833024 0.16523235800344235
0 0.9512725015518312 0.18244406196213425 0.07883302296710118 0.20309810671256456
