0 0.05739717618170656 0.19306930693069307 0.07918968692449355 0.1716171617161716
0 0.059545733578882744 0.49422442244224424 0.07734806629834254 0.17656765676567657
0 0.056783302639656225 0.7739273927392739 0.06936771025168814 0.1485148514851485
0 0.15868631062001226 0.7764026402640264 0.06936771025168814 0.15676567656765678
0 0.15592387968078575 0.49092409240924095 0.0687538367096378 0.17326732673267328
0 0.15623081645181092 0.18646864686468648 0.06445672191528544 0.17491749174917492
0 0.2556783302639656 0.19554455445544555 0.047268262737875995 0.14356435643564355
0 0.2575199508901166 0.4975247524752475 0.062001227747084095 0.17656765676567657
0 0.2526089625537139 0.7912541254125413 0.07796193984039287 0.18976897689768976
0 0.3542050337630448 0.7722772277227723 0.06998158379373848 0.1716171617161716
0 0.45365254757519946 0.7797029702970297 0.07366482504604051 0.18976897689768976
0 0.5552486187845304 0.7896039603960396 0.06568446899938613 0.17986798679867988
0 0.6503990178023327 0.7904290429042904 0.06322897483118477 0.18481848184818483
0 0.7476979742173112 0.7813531353135313 0.06998158379373848 0.17656765676567657
0 0.8496009821976672 0.783003300330033 0.06015960712093308 0.18976897689768976
0 0.9487415592387968 0.7755775577557756 0.06568446899938613 0.16501650165016502
0 0.9502762430939226 0.4958745874587459 0.06998158379373848 0.19636963696369636
0 0.8505217925107427 0.5008250825082509 0.05709023941068139 0.17656765676567657
0 0.7513812154696132 0.48432343234323433 0.06998158379373848 0.16996699669966997
0 0.6519337016574586 0.5008250825082509 0.07612031921424187 0.19306930693069307
0 0.5503376304481277 0.5008250825082509 0.06568446899938613 0.16996699669966997
0 0.45488029465930013 0.4735973597359736 0.08225905463474524 0.16831683168316833
0 0.35389809699201963 0.19471947194719472 0.05709023941068139 0.1551155115511551
0 0.45181092694904845 0.19554455445544555 0.07980356046654388 0.16666666666666666
0 0.5512584407612031 0.20462046204620463 0.0638428483732351 0.15181518151815182
0 0.6488643339472068 0.19224422442244224 0.06998158379373848 0.17326732673267328
0 0.751074278698588 0.18564356435643564 0.07550644567219152 0.17326732673267328
0 0.8538980969920196 0.1782178217821782 0.07243707796193984 0.1551155115511551
0 0.9475138121546961 0.17491749174917492 0.06568446899938613 0.14521452145214522
