0 0.04788557213930348 0.14525139664804468 0.06965174129353234 0.2309124767225326
0 0.15049751243781095 0.14711359404096835 0.06716417910447761 0.21601489757914338
0 0.24378109452736318 0.14990689013035383 0.0708955223880597 0.22905027932960895
0 0.3516791044776119 0.16666666666666666 0.056592039800995024 0.20297951582867785
0 0.4546019900497512 0.148975791433892 0.06218905472636816 0.22346368715083798
0 0.5503731343283582 0.14990689013035383 0.07960199004975124 0.23649906890130354
0 0.6557835820895522 0.14711359404096835 0.07898009950248756 0.22346368715083798
0 0.7484452736318408 0.15176908752327747 0.06281094527363185 0.19925512104283055
0 0.8541666666666666 0.15363128491620112 0.061567164179104475 0.19925512104283055
0 0.9567786069651741 0.1424581005586592 0.0740049751243781 0.20670391061452514
0 0.9574004975124378 0.46834264432029793 0.07027363184079602 0.22532588454376165
0 0.8547885572139303 0.4767225325884544 0.05783582089552239 0.21973929236499068
0 0.7534203980099502 0.45716945996275604 0.08146766169154229 0.20297951582867785
0 0.6486318407960199 0.4581005586592179 0.06840796019900497 0.16759776536312848
0 0.5509950248756219 0.4720670391061452 0.06592039800995025 0.20297951582867785
0 0.4496268656716418 0.478584729981378 0.06840796019900497 0.21973929236499068
0 0.34577114427860695 0.4720670391061452 0.06840796019900497 0.21415270018621974
0 0.2468905472636816 0.46741154562383613 0.06343283582089553 0.2085661080074488
0 0.146455223880597 0.4739292364990689 0.07649253731343283 0.19553072625698323
0 0.041044776119402986 0.4739292364990689 0.07960199004975124 0.20670391061452514
0 0.04446517412935323 0.8035381750465549 0.07027363184079602 0.21787709497206703
0 0.1433457711442786 0.8081936685288641 0.046641791044776115 0.1787709497206704
0 0.24440298507462685 0.813780260707635 0.060945273631840796 0.1750465549348231
0 0.34950248756218905 0.8044692737430168 0.060945273631840796 0.22346368715083798
0 0.4474502487562189 0.819366852886406 0.06654228855721393 0.21973929236499068
0 0.5491293532338308 0.8109869646182495 0.07462686567164178 0.22905027932960895
0 0.6520522388059702 0.813780260707635 0.054104477611940295 0.2011173184357542
0 0.7543532338308457 0.7998137802607076 0.06218905472636816 0.18435754189944134
0 0.8563432835820896 0.8091247672253259 0.0708955223880597 0.23649906890130354
0 0.957089552238806 0.8091247672253259 0.06716417910447761 0.21415270018621974
