0 0.047546941247728645 0.21264367816091953 0.05148394912174439 0.18555008210180624
0 0.04633555420956996 0.5172413793103449 0.05148394912174439 0.174055829228243
0 0.05178679588128407 0.8226600985221675 0.06480920654149 0.15106732348111657
0 0.14627498485766202 0.7898193760262725 0.0781344639612356 0.19376026272577995
0 0.14506359781950331 0.4909688013136289 0.05511811023622047 0.15106732348111657
0 0.14354936402180496 0.21182266009852216 0.054512416717141125 0.1839080459770115
0 0.23500908540278617 0.229064039408867 0.04845548152634767 0.17898193760262726
0 0.24076317383403997 0.5 0.05754088431253786 0.18883415435139572
0 0.23955178679588127 0.8087027914614121 0.05754088431253786 0.15270935960591134
0 0.34585099939430647 0.779967159277504 0.07874015748031496 0.15435139573070608
0 0.3367655966081163 0.5073891625615763 0.06056935190793458 0.19376026272577995
0 0.3410054512416717 0.2044334975369458 0.061780738946093275 0.17898193760262726
0 0.43670502725620836 0.21510673234811165 0.05330102967898243 0.18719211822660098
0 0.44245911568746216 0.506568144499179 0.049061175045427015 0.17898193760262726
0 0.4421562689279225 0.7873563218390804 0.07389460932768019 0.16584564860426929
0 0.5402786190187765 0.7848932676518883 0.07510599636583888 0.16748768472906403
0 0.5378558449424591 0.5180623973727422 0.04482132041187159 0.17241379310344826
0 0.5357359176256814 0.1954022988505747 0.05148394912174439 0.1839080459770115
0 0.6226529376135675 0.21018062397372742 0.054512416717141125 0.18719211822660098
0 0.6320411871592974 0.49261083743842365 0.06238643246517262 0.18719211822660098
0 0.6377952755905512 0.7873563218390804 0.07026044821320411 0.16584564860426929
0 0.7362204724409449 0.786535303776683 0.06965475469412477 0.16420361247947454
0 0.729557843731072 0.49835796387520526 0.06117504542701393 0.17241379310344826
0 0.7283464566929133 0.20525451559934318 0.05754088431253786 0.18719211822660098
0 0.8252574197456087 0.20279146141215107 0.05390672319806178 0.2019704433497537
0 0.8270745003028467 0.5123152709359605 0.059963658388855236 0.2167487684729064
0 0.8291944276196245 0.786535303776683 0.0581465778316172 0.12807881773399013
0 0.9294367050272562 0.7972085385878489 0.07207752877044216 0.18555008210180624
0 0.9251968503937008 0.5246305418719212 0.06359781950333131 0.18226600985221675
0 0.9282253179890975 0.21428571428571427 0.056329497274379164 0.2019704433497537
