0 0.046875 0.19404186795491143 0.06125 0.16264090177133655
0 0.15125 0.1892109500805153 0.05375 0.11755233494363929
0 0.2490625 0.19484702093397746 0.050625 0.14170692431561996
0 0.3546875 0.19806763285024154 0.060625 0.15136876006441224
0 0.4525 0.18679549114331723 0.06625 0.15136876006441224
0 0.5515625000000001 0.18035426731078905 0.065625 0.14170692431561996
0 0.6525 0.19243156199677938 0.0625 0.16586151368760063
0 0.7515625 0.20853462157809985 0.061875 0.18518518518518517
0 0.860625 0.2069243156199678 0.07 0.16908212560386474
0 0.9578125000000001 0.20450885668276972 0.065625 0.1610305958132045
0 0.9584375 0.4774557165861514 0.07062500000000001 0.178743961352657
0 0.9553125 0.784219001610306 0.059375000000000004 0.17391304347826086
0 0.8571875 0.7697262479871175 0.068125 0.1706924315619968
0 0.8596875 0.4927536231884058 0.061875 0.15458937198067632
0 0.7515625 0.49114331723027377 0.055625 0.15780998389694043
0 0.7540625 0.7793880837359098 0.078125 0.18035426731078905
0 0.6490625 0.4806763285024155 0.058125 0.1529790660225443
0 0.6546875 0.7777777777777778 0.076875 0.18357487922705315
0 0.55875 0.464573268921095 0.06375 0.12721417069243157
0 0.5515625000000001 0.789049919484702 0.059375000000000004 0.1610305958132045
0 0.4553125 0.4863123993558776 0.051875000000000004 0.13848631239935588
0 0.455 0.782608695652174 0.0725 0.19001610305958133
0 0.3440625 0.4863123993558776 0.061875 0.15780998389694043
0 0.350625 0.7818035426731079 0.0675 0.16908212560386474
0 0.2446875 0.4782608695652174 0.063125 0.14170692431561996
0 0.2525 0.782608695652174 0.07375 0.19001610305958133
0 0.151875 0.46296296296296297 0.0575 0.13687600644122383
0 0.153125 0.7761674718196457 0.06625 0.18035426731078905
0 0.053125 0.499194847020934 0.06625 0.16747181964573268
0 0.0478125 0.7785829307568438 0.065625 0.1819645732689211
