0 0.05332114564290067 0.21463022508038584 0.07617306520414382 0.18167202572347266
0 0.04905545399146862 0.5128617363344051 0.06642291285801341 0.19614147909967847
0 0.05210237659963437 0.7853697749196141 0.0603290676416819 0.1495176848874598
0 0.1480804387568556 0.7813504823151125 0.062157221206581355 0.15112540192926044
0 0.15386959171237052 0.4983922829581994 0.06886045094454601 0.1864951768488746
0 0.1529555149299208 0.21221864951768488 0.06581352833638025 0.20257234726688103
0 0.24710542352224255 0.23070739549839228 0.07007921998781232 0.20096463022508038
0 0.25563680682510664 0.5064308681672026 0.07129798903107862 0.15755627009646303
0 0.2525898842169409 0.7813504823151125 0.06886045094454601 0.1832797427652733
0 0.3482632541133455 0.7901929260450161 0.0627666057282145 0.16237942122186494
0 0.4500304692260817 0.7845659163987139 0.07373552711761122 0.15755627009646303
0 0.4472882388787325 0.5072347266881029 0.058500914076782456 0.15916398713826366
0 0.3537477148080439 0.5 0.06764168190127971 0.15112540192926044
0 0.3449116392443632 0.21221864951768488 0.05240706886045095 0.17363344051446944
0 0.45764777574649607 0.21945337620578778 0.06337599024984766 0.1752411575562701
0 0.5429616087751371 0.20819935691318328 0.057282145033516155 0.1720257234726688
0 0.5450944546008532 0.5016077170418006 0.061547836684948204 0.18006430868167203
0 0.5432663010359537 0.7990353697749196 0.0591102985984156 0.18971061093247588
0 0.6444241316270567 0.7893890675241158 0.08226691042047532 0.18006430868167203
0 0.6480804387568556 0.48392282958199356 0.0603290676416819 0.18006430868167203
0 0.6438147471054235 0.2170418006430868 0.0542352224253504 0.14790996784565916
0 0.7434491163924437 0.22186495176848875 0.06337599024984766 0.18006430868167203
0 0.741011578305911 0.4903536977491961 0.06459475929311397 0.1639871382636656
0 0.7428397318708105 0.7918006430868167 0.05484460694698355 0.18488745980707394
0 0.8461304082876295 0.7942122186495176 0.07007921998781232 0.1832797427652733
0 0.8382084095063986 0.48311897106109325 0.0542352224253504 0.14308681672025722
0 0.8397318708104815 0.21302250803858522 0.07556368068251067 0.21382636655948553
0 0.9399756246191348 0.22266881028938906 0.06886045094454601 0.18810289389067525
0 0.9360146252285193 0.5 0.058500914076782456 0.15434083601286175
0 0.9393662400975016 0.7877813504823151 0.07007921998781232 0.17363344051446944
