0 0.05374692874692875 0.1959016393442623 0.07678132678132678 0.18524590163934426
0 0.056818181818181816 0.46885245901639344 0.06081081081081081 0.12786885245901639
0 0.05374692874692875 0.7795081967213114 0.05835380835380835 0.1721311475409836
0 0.15417690417690416 0.7778688524590164 0.05651105651105651 0.1918032786885246
0 0.24754299754299755 0.7762295081967213 0.07002457002457002 0.18524590163934426
0 0.35042997542997545 0.7811475409836065 0.06326781326781326 0.19836065573770492
0 0.45208845208845205 0.760655737704918 0.06388206388206388 0.1540983606557377
0 0.5466830466830467 0.7836065573770492 0.06142506142506143 0.2
0 0.648955773955774 0.7819672131147541 0.05343980343980344 0.19672131147540983
0 0.7475429975429976 0.7967213114754098 0.04791154791154791 0.18032786885245902
0 0.8433660933660934 0.7745901639344263 0.06265356265356266 0.19508196721311474
0 0.9422604422604423 0.780327868852459 0.05651105651105651 0.2
0 0.9428746928746928 0.4745901639344262 0.05773955773955774 0.1721311475409836
0 0.8433660933660934 0.4885245901639344 0.05896805896805897 0.18032786885245902
0 0.7481572481572482 0.4745901639344262 0.04791154791154791 0.1721311475409836
0 0.6446560196560196 0.49836065573770494 0.04361179361179361 0.20327868852459016
0 0.5463759213759214 0.4934426229508197 0.055896805896805894 0.20655737704918034
0 0.4536240786240786 0.4860655737704918 0.06572481572481573 0.17868852459016393
0 0.35288697788697787 0.4680327868852459 0.06326781326781326 0.17540983606557378
0 0.25552825552825553 0.4778688524590164 0.06265356265356266 0.16557377049180327
0 0.15386977886977887 0.4721311475409836 0.06081081081081081 0.1737704918032787
0 0.14772727272727273 0.20245901639344263 0.05221130221130221 0.14590163934426228
0 0.24969287469287468 0.18934426229508197 0.05343980343980344 0.1918032786885246
0 0.3476658476658477 0.17459016393442622 0.06633906633906633 0.1557377049180328
0 0.449017199017199 0.17459016393442622 0.05405405405405405 0.15245901639344261
0 0.5519041769041769 0.17950819672131146 0.06203931203931204 0.19508196721311474
0 0.648955773955774 0.18114754098360655 0.041154791154791155 0.13934426229508196
0 0.7441646191646192 0.17950819672131146 0.04729729729729729 0.1557377049180328
0 0.8461302211302211 0.18770491803278688 0.05835380835380835 0.1885245901639344
0 0.9453316953316953 0.19098360655737706 0.04791154791154791 0.17868852459016393
