0 0.05092592592592592 0.22946859903381642 0.0808641975308642 0.20772946859903382
0 0.04938271604938271 0.5185185185185185 0.0728395061728395 0.1964573268921095
0 0.04938271604938271 0.8051529790660226 0.0728395061728395 0.16747181964573268
0 0.1521604938271605 0.8083735909822867 0.06481481481481481 0.15780998389694043
0 0.15061728395061727 0.5144927536231884 0.07037037037037037 0.16908212560386474
0 0.15 0.2391304347826087 0.07901234567901234 0.20772946859903382
0 0.24351851851851852 0.2286634460547504 0.06975308641975309 0.18035426731078905
0 0.25 0.5185185185185185 0.07160493827160494 0.18035426731078905
0 0.25493827160493826 0.785024154589372 0.07530864197530864 0.15619967793880837
0 0.3472222222222222 0.7979066022544283 0.07222222222222222 0.19162640901771336
0 0.345679012345679 0.5177133655394525 0.06419753086419754 0.14009661835748793
0 0.3469135802469136 0.22946859903381642 0.06172839506172839 0.16264090177133655
0 0.44814814814814813 0.22383252818035426 0.046913580246913576 0.15136876006441224
0 0.45 0.5209339774557166 0.0654320987654321 0.19162640901771336
0 0.4524691358024691 0.8091787439613527 0.05555555555555555 0.1529790660225443
0 0.5478395061728395 0.8123993558776167 0.05740740740740741 0.1819645732689211
0 0.5515432098765432 0.5249597423510467 0.06728395061728396 0.18679549114331723
0 0.5493827160493827 0.21497584541062803 0.06172839506172839 0.17552334943639292
0 0.6478395061728395 0.2214170692431562 0.06481481481481481 0.178743961352657
0 0.6496913580246914 0.5104669887278583 0.05493827160493827 0.1642512077294686
0 0.6472222222222223 0.7971014492753623 0.05493827160493827 0.13848631239935588
0 0.7429012345679012 0.21578099838969403 0.06234567901234568 0.15780998389694043
0 0.7459876543209877 0.5241545893719807 0.06728395061728396 0.16908212560386474
0 0.749074074074074 0.8156199677938808 0.06234567901234568 0.19806763285024154
0 0.8447530864197531 0.8019323671497585 0.05246913580246913 0.15780998389694043
0 0.942283950617284 0.8059581320450886 0.06728395061728396 0.16264090177133655
0 0.9478395061728395 0.5217391304347826 0.06604938271604938 0.18035426731078905
0 0.8429012345679012 0.5193236714975845 0.06111111111111111 0.18840579710144928
0 0.8466049382716049 0.23107890499194847 0.05493827160493827 0.178743961352657
0 0.9453703703703703 0.23027375201288244 0.06111111111111111 0.1610305958132045
