0 0.04915466499686913 0.15114235500878734 0.045710707576706325 0.13005272407732865
0 0.14902943018159048 0.15026362038664323 0.056355666875391355 0.13884007029876977
0 0.24639949906073888 0.14674868189806678 0.07701941139636818 0.18804920913884005
0 0.3525360050093926 0.17135325131810192 0.0638697557921102 0.1985940246045694
0 0.4411396368190357 0.17311072056239016 0.06574827802128992 0.17398945518453426
0 0.5488415779586725 0.18453427065026362 0.0707576706324358 0.17926186291739893
0 0.6515341264871634 0.1704745166959578 0.06700062617407639 0.17926186291739893
0 0.7485911083281152 0.17223198594024602 0.055729492798998116 0.21089630931458697
0 0.8512836568566061 0.17135325131810192 0.08328115216030056 0.21968365553602812
0 0.9489668127739511 0.17750439367311072 0.06825297432686286 0.18980667838312829
0 0.9486537257357545 0.4780316344463972 0.06261740763932373 0.17926186291739893
0 0.951471509079524 0.7987697715289982 0.0707576706324358 0.20913884007029876
0 0.849718221665623 0.4727592267135325 0.0688791484032561 0.20738137082601052
0 0.8503443957420163 0.7873462214411248 0.0688791484032561 0.18277680140597538
0 0.7473387601753287 0.461335676625659 0.061991233562930494 0.21616871704745166
0 0.7467125860989354 0.7882249560632688 0.06950532247964934 0.17398945518453426
0 0.65184721352536 0.78207381370826 0.07138384470882905 0.19332161687170474
0 0.6465247338760175 0.4683655536028119 0.060738885410144015 0.1634446397188049
0 0.5466499686912961 0.46397188049209137 0.07013149655604257 0.20738137082601052
0 0.5504070131496556 0.7917398945518453 0.06762680025046963 0.1915641476274165
0 0.45115842204132744 0.4710017574692443 0.07326236693800876 0.17926186291739893
0 0.44708829054477145 0.789982425307557 0.0688791484032561 0.18101933216168717
0 0.34721352536005007 0.4604569420035149 0.07201001878522229 0.17926186291739893
0 0.3440826549780839 0.7847100175746924 0.06700062617407639 0.1915641476274165
0 0.24483406386975579 0.4718804920913884 0.07514088916718847 0.20210896309314585
0 0.24483406386975579 0.7917398945518453 0.06261740763932373 0.1915641476274165
0 0.14370695053224797 0.46221441124780316 0.059486537257357544 0.1546572934973638
0 0.14558547276142766 0.7882249560632688 0.07451471509079524 0.2056239015817223
0 0.040701314965560426 0.4683655536028119 0.056355666875391355 0.1985940246045694
0 0.035691922354414526 0.7829525483304042 0.056355666875391355 0.17398945518453426
