0 0.05449507389162562 0.21217105263157893 0.07943349753694581 0.18421052631578946
0 0.15732758620689655 0.20230263157894735 0.0769704433497537 0.2006578947368421
0 0.2524630541871921 0.20888157894736842 0.07635467980295567 0.19407894736842105
0 0.35591133004926107 0.21875 0.07512315270935961 0.1644736842105263
0 0.45658866995073893 0.20394736842105263 0.05480295566502463 0.1381578947368421
0 0.5548029556650247 0.203125 0.05788177339901478 0.1595394736842105
0 0.6511699507389163 0.18092105263157893 0.0708128078817734 0.15789473684210525
0 0.7512315270935961 0.21710526315789472 0.0812807881773399 0.16776315789473684
0 0.8506773399014779 0.20476973684210525 0.07820197044334976 0.1957236842105263
0 0.9464285714285714 0.21957236842105263 0.06896551724137931 0.18914473684210525
0 0.9519704433497537 0.48684210526315785 0.05665024630541872 0.18092105263157893
0 0.9464285714285714 0.794407894736842 0.0603448275862069 0.17105263157894735
0 0.8522167487684729 0.7771381578947368 0.059113300492610835 0.18585526315789472
0 0.8482142857142857 0.4950657894736842 0.06588669950738917 0.1907894736842105
0 0.7469211822660099 0.4786184210526315 0.06157635467980296 0.1644736842105263
0 0.7543103448275862 0.7837171052631579 0.06896551724137931 0.17269736842105263
0 0.6530172413793104 0.4983552631578947 0.058497536945812806 0.15460526315789472
0 0.6530172413793104 0.7870065789473684 0.058497536945812806 0.18914473684210525
0 0.5508004926108374 0.49917763157894735 0.06588669950738917 0.16282894736842105
0 0.5511083743842364 0.8018092105263157 0.06403940886699508 0.1694078947368421
0 0.4513546798029557 0.794407894736842 0.06773399014778325 0.1875
0 0.4538177339901478 0.5139802631578947 0.07389162561576355 0.1957236842105263
0 0.35375615763546797 0.4983552631578947 0.07820197044334976 0.1875
0 0.35929802955665024 0.78125 0.07820197044334976 0.17763157894736842
0 0.2546182266009852 0.5024671052631579 0.06834975369458128 0.18585526315789472
0 0.2536945812807882 0.7935855263157894 0.07019704433497537 0.20559210526315788
0 0.15732758620689655 0.7894736842105263 0.0708128078817734 0.18092105263157893
0 0.15732758620689655 0.4950657894736842 0.0708128078817734 0.20394736842105263
0 0.05757389162561576 0.5 0.07450738916256158 0.17434210526315788
0 0.05541871921182266 0.796875 0.06773399014778325 0.1957236842105263
