0 0.0453125 0.21875 0.061875 0.1875
0 0.161875 0.17736486486486489 0.0575 0.15202702702702703
0 0.24625 0.18665540540540543 0.06 0.17736486486486489
0 0.3446875 0.17905405405405406 0.055625 0.15540540540540543
0 0.4509375 0.17989864864864866 0.061875 0.16047297297297297
0 0.555625 0.20692567567567569 0.0725 0.20777027027027029
0 0.65125 0.18158783783783786 0.058750000000000004 0.15371621621621623
0 0.7540625 0.1891891891891892 0.07187500000000001 0.19594594594594594
0 0.86 0.20101351351351351 0.0625 0.16891891891891891
0 0.9503125 0.18665540540540543 0.051875000000000004 0.18074324324324326
0 0.956875 0.504222972972973 0.0525 0.17736486486486489
0 0.9575 0.8226351351351352 0.06625 0.1891891891891892
0 0.0484375 0.5025337837837838 0.060625 0.17060810810810811
0 0.15031250000000002 0.49746621621621623 0.064375 0.16722972972972974
0 0.2490625 0.49746621621621623 0.068125 0.1875
0 0.3546875 0.4881756756756757 0.065625 0.1722972972972973
0 0.451875 0.49577702702702703 0.07125000000000001 0.1875
0 0.5528125 0.5067567567567568 0.068125 0.20945945945945948
0 0.655625 0.4831081081081081 0.05375 0.18243243243243246
0 0.7518750000000001 0.49915540540540543 0.0625 0.1875
0 0.859375 0.49493243243243246 0.055 0.20608108108108109
0 0.859375 0.8048986486486487 0.06125 0.18412162162162163
0 0.75375 0.8032094594594595 0.065 0.1875
0 0.6625 0.8091216216216217 0.06 0.1891891891891892
0 0.5546875 0.7989864864864865 0.069375 0.16216216216216217
0 0.4546875 0.8074324324324325 0.064375 0.17567567567567569
0 0.3521875 0.793918918918919 0.065625 0.17905405405405406
0 0.2496875 0.7989864864864865 0.053125 0.1587837837837838
0 0.1521875 0.8057432432432433 0.068125 0.20270270270270271
0 0.0546875 0.8065878378378378 0.074375 0.1875
