0 0.04920049200492005 0.21338582677165355 0.05166051660516605 0.1590551181102362
0 0.053198031980319804 0.484251968503937 0.07441574415744158 0.18110236220472442
0 0.0507380073800738 0.7669291338582677 0.06334563345633457 0.1795275590551181
0 0.1515990159901599 0.7511811023622047 0.06211562115621157 0.16377952755905512
0 0.14575645756457564 0.4952755905511811 0.06396063960639607 0.15590551181102363
0 0.15067650676506766 0.1858267716535433 0.06642066420664207 0.16692913385826771
0 0.2481549815498155 0.19763779527559056 0.07318573185731858 0.16850393700787403
0 0.25338253382533826 0.4889763779527559 0.05289052890528905 0.14330708661417324
0 0.2469249692496925 0.7614173228346457 0.07687576875768758 0.19370078740157481
0 0.35178351783517836 0.7629921259842519 0.06642066420664207 0.1653543307086614
0 0.448339483394834 0.7511811023622047 0.059040590405904064 0.14488188976377953
0 0.5467404674046741 0.7622047244094488 0.06765067650676507 0.1763779527559055
0 0.6420664206642067 0.7614173228346457 0.07257072570725707 0.17480314960629922
0 0.7432349323493235 0.7535433070866142 0.06211562115621157 0.16850393700787403
0 0.8450184501845018 0.7598425196850394 0.06396063960639607 0.1653543307086614
0 0.9369618696186962 0.7511811023622047 0.06088560885608856 0.14488188976377953
0 0.9440344403444034 0.47401574803149604 0.06642066420664207 0.1700787401574803
0 0.8450184501845018 0.4637795275590551 0.06765067650676507 0.16850393700787403
0 0.738929889298893 0.48661417322834644 0.05227552275522755 0.16377952755905512
0 0.6494464944649446 0.4811023622047244 0.05781057810578106 0.1716535433070866
0 0.5476629766297663 0.4889763779527559 0.05842558425584256 0.16850393700787403
0 0.44710947109471094 0.4779527559055118 0.06519065190651907 0.1779527559055118
0 0.3484009840098401 0.468503937007874 0.06457564575645756 0.16850393700787403
0 0.34747847478474786 0.18110236220472442 0.07380073800738007 0.15748031496062992
0 0.4431119311193112 0.18503937007874016 0.059655596555965563 0.14960629921259844
0 0.5375153751537516 0.1984251968503937 0.05658056580565806 0.15433070866141732
0 0.6423739237392374 0.1952755905511811 0.07318573185731858 0.1700787401574803
0 0.742619926199262 0.20551181102362204 0.059655596555965563 0.14015748031496061
0 0.8431734317343174 0.2 0.06765067650676507 0.14488188976377953
0 0.9415744157441575 0.19606299212598424 0.06396063960639607 0.1716535433070866
