0 0.05623100303951368 0.21608832807570977 0.07477203647416414 0.1829652996845426
0 0.15531914893617021 0.21766561514195584 0.06747720364741641 0.15141955835962145
0 0.25379939209726443 0.20820189274447948 0.078419452887538 0.17034700315457413
0 0.3556231003039514 0.20741324921135645 0.07173252279635259 0.16561514195583596
0 0.44832826747720367 0.20662460567823343 0.06504559270516717 0.1640378548895899
0 0.5452887537993921 0.23186119873817035 0.053495440729483285 0.1640378548895899
0 0.6480243161094226 0.21056782334384858 0.06930091185410335 0.17192429022082018
0 0.7416413373860183 0.2034700315457413 0.06322188449848025 0.15772870662460567
0 0.844984802431611 0.1971608832807571 0.06443768996960486 0.1451104100946372
0 0.9425531914893618 0.2113564668769716 0.06747720364741641 0.18611987381703468
0 0.9367781155015198 0.49053627760252366 0.052279635258358666 0.14826498422712933
0 0.9458966565349545 0.7854889589905363 0.060790273556231005 0.15772870662460567
0 0.8477203647416414 0.7712933753943217 0.06504559270516717 0.17034700315457413
0 0.8474164133738602 0.4873817034700315 0.06565349544072949 0.17665615141955834
0 0.7425531914893617 0.4976340694006309 0.05896656534954408 0.17823343848580442
0 0.7465045592705167 0.7768138801261829 0.05592705167173253 0.16246056782334384
0 0.6462006079027356 0.4913249211356467 0.06322188449848025 0.17192429022082018
0 0.6452887537993921 0.7870662460567823 0.07355623100303951 0.17665615141955834
0 0.5522796352583587 0.7815457413249212 0.06747720364741641 0.18769716088328076
0 0.544984802431611 0.5094637223974763 0.06382978723404256 0.20504731861198738
0 0.44924012158054716 0.5 0.06200607902735563 0.14826498422712933
0 0.44924012158054716 0.7815457413249212 0.07416413373860183 0.16561514195583596
0 0.3504559270516718 0.49369085173501576 0.05288753799392098 0.14195583596214512
0 0.3522796352583587 0.7586750788643533 0.07720364741641338 0.1608832807570978
0 0.2547112462006079 0.8004731861198738 0.06200607902735563 0.16876971608832808
0 0.25866261398176293 0.5023659305993691 0.06261398176291794 0.17192429022082018
0 0.1574468085106383 0.4944794952681388 0.05714285714285715 0.15930599369085174
0 0.15045592705167174 0.7641955835962145 0.07112462006079028 0.15930599369085174
0 0.059574468085106386 0.7847003154574133 0.06443768996960486 0.16561514195583596
0 0.05835866261398177 0.4921135646687697 0.06322188449848025 0.167192429022082
