0 0.05732292917166866 0.23732718894009217 0.06302521008403361 0.19815668202764977
0 0.06032412965186074 0.5046082949308756 0.06062424969987995 0.1889400921658986
0 0.057623049219687875 0.7757296466973886 0.058823529411764705 0.19047619047619047
0 0.15456182472989194 0.782642089093702 0.0702280912364946 0.17050691244239632
0 0.15936374549819926 0.49923195084485406 0.0666266506602641 0.18433179723502305
0 0.15516206482593037 0.23195084485407066 0.06182472989195678 0.17511520737327188
0 0.2506002400960384 0.23271889400921658 0.06902761104441776 0.15821812596006143
0 0.257202881152461 0.5138248847926268 0.06542617046818727 0.1827956989247312
0 0.24399759903961582 0.7680491551459293 0.05222088835534213 0.15668202764976957
0 0.35354141656662663 0.7703533026113671 0.06722689075630252 0.17972350230414746
0 0.3481392557022809 0.511520737327189 0.05642256902761104 0.14746543778801843
0 0.3481392557022809 0.2227342549923195 0.06362545018007203 0.13210445468509985
0 0.44957983193277307 0.22887864823348694 0.06722689075630252 0.16282642089093702
0 0.43607442977190874 0.533026113671275 0.04981992797118847 0.1597542242703533
0 0.4396758703481392 0.7795698924731183 0.0666266506602641 0.19815668202764977
0 0.5447178871548619 0.7741935483870968 0.07503001200480192 0.18125960061443933
0 0.627250900360144 0.7895545314900153 0.049219687875150055 0.17204301075268819
0 0.542016806722689 0.521505376344086 0.058823529411764705 0.15207373271889402
0 0.5417166866746699 0.24807987711213517 0.06182472989195678 0.15514592933947774
0 0.6431572629051621 0.2250384024577573 0.06542617046818727 0.13671274961597543
0 0.6326530612244897 0.5153609831029186 0.060024009603841535 0.1674347158218126
0 0.7418967587034814 0.5023041474654378 0.06722689075630252 0.16897081413210446
0 0.7364945978391356 0.2357910906298003 0.062424969987995196 0.19508448540706605
0 0.7469987995198079 0.7864823348694316 0.06062424969987995 0.18740399385560677
0 0.8307322929171668 0.782642089093702 0.058823529411764705 0.16436251920122888
0 0.9270708283313325 0.793394777265745 0.06422569027611044 0.17050691244239632
0 0.9240696278511404 0.522273425499232 0.05942376950780312 0.15360983102918588
0 0.8343337334933973 0.5076804915514593 0.07322929171668667 0.15821812596006143
0 0.822328931572629 0.21889400921658986 0.058823529411764705 0.16129032258064516
0 0.9237695078031212 0.22657450076804916 0.07082833133253301 0.16129032258064516
