0 0.04763387297633873 0.2034035656401945 0.05790784557907846 0.15072933549432738
0 0.05074719800747198 0.4740680713128039 0.06537982565379825 0.14424635332252836
0 0.04950186799501868 0.773095623987034 0.06288916562889166 0.13290113452188007
0 0.14881693648816938 0.7666126418152349 0.062266500622665005 0.1458670988654781
0 0.24719800747198006 0.7641815235008104 0.05977584059775841 0.1280388978930308
0 0.34900373599003737 0.7674230145867098 0.06164383561643835 0.14424635332252836
0 0.4486301369863014 0.7560777957860616 0.07534246575342465 0.179902755267423
0 0.5526151930261519 0.7471636952998378 0.06787048567870485 0.15559157212317665
0 0.6475716064757161 0.7633711507293355 0.05603985056039851 0.1393841166936791
0 0.7422166874221668 0.7431118314424635 0.0660024906600249 0.14100486223662884
0 0.8493150684931506 0.7682333873581847 0.0647571606475716 0.15883306320907617
0 0.9473848069738481 0.7560777957860616 0.051681195516811954 0.1766612641815235
0 0.952988792029888 0.486223662884927 0.06537982565379825 0.15559157212317665
0 0.9489414694894147 0.19611021069692058 0.05603985056039851 0.12965964343598055
0 0.8511830635118306 0.18962722852512154 0.06351183063511831 0.13290113452188007
0 0.8521170610211706 0.46758508914100483 0.06537982565379825 0.14748784440842788
0 0.7528019925280199 0.4659643435980551 0.06102117061021171 0.15072933549432738
0 0.75186799501868 0.19854132901134522 0.06164383561643835 0.14748784440842788
0 0.6500622665006227 0.19043760129659643 0.058530510585305104 0.14748784440842788
0 0.6441469489414695 0.486223662884927 0.06164383561643835 0.15883306320907617
0 0.5485678704856787 0.4854132901134522 0.05977584059775841 0.16045380875202592
0 0.44925280199252804 0.4805510534846029 0.05790784557907846 0.14748784440842788
0 0.34775840597758406 0.47974068071312803 0.07036114570361146 0.1426256077795786
0 0.24906600249066002 0.4764991896272285 0.06351183063511831 0.13614262560777957
0 0.15442092154420922 0.4764991896272285 0.0684931506849315 0.15883306320907617
0 0.14819427148194272 0.18314424635332252 0.07347447073474471 0.15559157212317665
0 0.25093399750934 0.20745542949756887 0.0660024906600249 0.18152350081037277
0 0.3471357409713574 0.17747163695299836 0.06413449564134495 0.14100486223662884
0 0.4520547945205479 0.19286871961102106 0.07098381070983811 0.14910858995137763
0 0.5523038605230386 0.1871961102106969 0.074719800747198 0.16045380875202592
