0 0.05232558139534883 0.2220447284345048 0.05936352509179926 0.17891373801916932
0 0.15544675642594857 0.23322683706070285 0.05752753977968176 0.12460063897763578
0 0.26193390452876375 0.21645367412140573 0.07221542227662178 0.1741214057507987
0 0.34302325581395343 0.23562300319488816 0.05691554467564259 0.1645367412140575
0 0.46266829865361075 0.22843450479233227 0.05385556915544675 0.16293929712460065
0 0.5514075887392901 0.22124600638977635 0.05385556915544675 0.15175718849840256
0 0.6471848225214197 0.22763578274760382 0.06303549571603427 0.1645367412140575
0 0.7619339045287638 0.2460063897763578 0.04895960832313341 0.1437699680511182
0 0.8457772337821297 0.22763578274760382 0.06119951040391676 0.1645367412140575
0 0.941860465116279 0.22124600638977635 0.06487148102815177 0.16773162939297123
0 0.9577723378212973 0.5103833865814696 0.050183598531211744 0.16134185303514376
0 0.9372705018359853 0.7843450479233226 0.05936352509179926 0.1693290734824281
0 0.8512851897184822 0.7931309904153354 0.06487148102815177 0.16134185303514376
0 0.850673194614443 0.5111821086261981 0.06609547123623011 0.1693290734824281
0 0.7399020807833536 0.5007987220447284 0.06119951040391676 0.18690095846645366
0 0.744798041615667 0.7915335463258786 0.05752753977968176 0.16134185303514376
0 0.6450428396572827 0.7779552715654952 0.06119951040391676 0.1853035143769968
0 0.6548347613219093 0.4976038338658147 0.06487148102815177 0.15495207667731628
0 0.5449816401468788 0.5127795527156549 0.050795593635250914 0.14696485623003194
0 0.5514075887392901 0.8019169329073482 0.055079559363525085 0.16613418530351437
0 0.4550183598531211 0.7851437699680511 0.0642594859241126 0.18051118210862618
0 0.4473684210526315 0.4904153354632588 0.05385556915544675 0.12779552715654952
0 0.34302325581395343 0.5143769968051118 0.06303549571603427 0.1693290734824281
0 0.34394124847001223 0.7851437699680511 0.06364749082007343 0.16773162939297123
0 0.2649938800489596 0.8075079872204473 0.05140758873929008 0.15495207667731628
0 0.2680538555691554 0.5247603833865815 0.04895960832313341 0.15175718849840256
0 0.15299877600979192 0.4992012779552715 0.0624235006119951 0.16773162939297123
0 0.15269277845777232 0.7835463258785942 0.05936352509179926 0.18051118210862618
0 0.05691554467564259 0.7995207667731629 0.050183598531211744 0.17092651757188498
0 0.0547735618115055 0.5167731629392971 0.060587515299877596 0.15495207667731628
