0 0.0439459127228027 0.22562893081761007 0.05838967424708051 0.16823899371069184
0 0.055623847572218804 0.4811320754716981 0.05593116164720344 0.15094339622641512
0 0.04671173939766441 0.7586477987421384 0.06515058389674247 0.1808176100628931
0 0.15918869084204054 0.7641509433962265 0.06760909649661954 0.17610062893081763
0 0.24892440073755376 0.7452830188679246 0.060233558696988314 0.14779874213836477
0 0.3577135832821143 0.7562893081761006 0.06760909649661954 0.16037735849056606
0 0.45205900430239704 0.7531446540880503 0.060848186846957586 0.13836477987421383
0 0.5516287645974185 0.7790880503144655 0.06822372464658881 0.17138364779874216
0 0.6505838967424707 0.7657232704402516 0.06699446834665027 0.17610062893081763
0 0.7455439459127228 0.7484276729559749 0.06883835279655807 0.16037735849056606
0 0.844499078057775 0.7775157232704403 0.07375537799631222 0.18710691823899372
0 0.9320835894283958 0.7806603773584906 0.05593116164720344 0.19968553459119498
0 0.9345421020282728 0.49135220125786166 0.060848186846957586 0.1808176100628931
0 0.8457283343577136 0.48506289308176104 0.05162876459741856 0.17452830188679247
0 0.7452366318377381 0.4787735849056604 0.0547019053472649 0.1430817610062893
0 0.6432083589428396 0.49056603773584906 0.07068223724646588 0.18238993710691825
0 0.5491702519975414 0.47641509433962265 0.07068223724646588 0.16666666666666669
0 0.44529809465273507 0.46933962264150947 0.05593116164720344 0.16509433962264153
0 0.35064535955746773 0.48820754716981135 0.06699446834665027 0.19025157232704404
0 0.2519975414874001 0.4897798742138365 0.06883835279655807 0.19025157232704404
0 0.1481253841425937 0.48742138364779874 0.0528580208973571 0.169811320754717
0 0.15304240934234786 0.2028301886792453 0.05654578979717271 0.15094339622641512
0 0.252919483712354 0.2240566037735849 0.05838967424708051 0.15251572327044027
0 0.3500307314074984 0.21619496855345913 0.05961893054701905 0.16194968553459121
0 0.44591272280270433 0.22012578616352202 0.05961893054701905 0.18553459119496857
0 0.5491702519975414 0.20676100628930819 0.05347264904732636 0.16823899371069184
0 0.6496619545175168 0.20440251572327045 0.0528580208973571 0.14779874213836477
0 0.7486170866625691 0.20754716981132076 0.054087277197295634 0.14779874213836477
0 0.8398893669330054 0.20204402515723272 0.06207744314689612 0.17767295597484278
0 0.9366933005531652 0.20754716981132076 0.06760909649661954 0.18238993710691825
