0 0.047058823529411764 0.17413793103448275 0.07306501547987616 0.20344827586206896
0 0.05944272445820434 0.471551724137931 0.061919504643962855 0.20862068965517241
0 0.05572755417956657 0.7887931034482758 0.06811145510835914 0.19137931034482758
0 0.15077399380804954 0.7810344827586206 0.055108359133126936 0.19310344827586207
0 0.251702786377709 0.7732758620689655 0.06501547987616099 0.20517241379310344
0 0.3458204334365325 0.7801724137931034 0.07863777089783282 0.20172413793103447
0 0.44179566563467493 0.7663793103448275 0.05882352941176471 0.15344827586206897
0 0.5430340557275543 0.7741379310344827 0.0606811145510836 0.1724137931034483
0 0.646749226006192 0.7655172413793103 0.06501547987616099 0.15517241379310345
0 0.7455108359133127 0.7620689655172413 0.05077399380804954 0.16551724137931034
0 0.8436532507739939 0.753448275862069 0.0736842105263158 0.20344827586206896
0 0.9464396284829721 0.7474137931034482 0.07863777089783282 0.1706896551724138
0 0.9513931888544892 0.4586206896551724 0.06377708978328174 0.20689655172413793
0 0.8473684210526317 0.4663793103448276 0.06130030959752322 0.1810344827586207
0 0.7520123839009288 0.4681034482758621 0.06873065015479876 0.19137931034482758
0 0.65015479876161 0.475 0.061919504643962855 0.20172413793103447
0 0.5507739938080496 0.47413793103448276 0.0736842105263158 0.19655172413793104
0 0.43931888544891645 0.4663793103448276 0.06501547987616099 0.20172413793103447
0 0.34613003095975237 0.4663793103448276 0.06315789473684211 0.19482758620689655
0 0.24829721362229104 0.4689655172413793 0.07925696594427245 0.2
0 0.1455108359133127 0.46551724137931033 0.07554179566563468 0.18620689655172412
0 0.14643962848297215 0.15258620689655172 0.07492260061919505 0.16724137931034483
0 0.2532507739938081 0.17672413793103448 0.07058823529411765 0.18448275862068966
0 0.3492260061919505 0.1646551724137931 0.05820433436532508 0.19137931034482758
0 0.4501547987616099 0.1586206896551724 0.06315789473684211 0.1896551724137931
0 0.5538699690402477 0.15086206896551724 0.07244582043343653 0.17413793103448275
0 0.6414860681114551 0.14741379310344827 0.0693498452012384 0.19482758620689655
0 0.7616099071207431 0.15775862068965518 0.05572755417956657 0.16724137931034483
0 0.8486068111455108 0.15948275862068964 0.08111455108359134 0.2120689655172414
0 0.9507739938080496 0.16551724137931034 0.06130030959752322 0.2
