0 0.05157504632489191 0.18302828618968386 0.06114885731933293 0.18302828618968386
0 0.045707226683137744 0.49168053244592347 0.06300185299567634 0.17470881863560733
0 0.05188387893761581 0.7820299500831946 0.0592958616429895 0.15973377703826955
0 0.14576899320568254 0.7886855241264559 0.06053119209388512 0.17637271214642264
0 0.24675725756639902 0.7936772046589019 0.067325509573811 0.16638935108153077
0 0.34002470660901796 0.7870216306156406 0.07473749227918469 0.1896838602329451
0 0.45243977764051885 0.8011647254575708 0.07720815318097592 0.18801996672212978
0 0.5441630636195183 0.7861896838602329 0.06423718344657196 0.1913477537437604
0 0.6439159975293391 0.7945091514143096 0.053736874613959235 0.17803660565723795
0 0.7449042618900557 0.7861896838602329 0.07288449660284127 0.18469217970049917
0 0.8474366893143916 0.7803660565723793 0.05806053119209389 0.19966722129783696
0 0.9413218035824583 0.7870216306156406 0.08029647930821496 0.1930116472545757
0 0.9434836318715257 0.4925124792013311 0.067325509573811 0.19633943427620631
0 0.8486720197652873 0.4800332778702163 0.0592958616429895 0.18136439267886856
0 0.9428659666460779 0.18302828618968386 0.06609017912291539 0.1930116472545757
0 0.8440395305744287 0.19550748752079866 0.06238418777022854 0.18136439267886856
0 0.7452130945027795 0.18469217970049917 0.06114885731933293 0.17637271214642264
0 0.7461395923409513 0.4800332778702163 0.07411982705373688 0.19800332778702165
0 0.6439159975293391 0.4950083194675541 0.06238418777022854 0.15806988352745424
0 0.5494132180358247 0.4933444259567388 0.06114885731933293 0.17803660565723795
0 0.6432983323038913 0.1821963394342762 0.067325509573811 0.18136439267886856
0 0.5491043854231007 0.19633943427620631 0.06670784434836319 0.1497504159733777
0 0.4459542927733169 0.4800332778702163 0.05806053119209389 0.16139767054908485
0 0.4441012970969735 0.19051580698835274 0.06547251389746758 0.17470881863560733
0 0.35176034589252625 0.20133111480865226 0.067325509573811 0.19633943427620631
0 0.34681902408894383 0.4800332778702163 0.054972205064854854 0.13477537437603992
0 0.24737492279184684 0.4925124792013311 0.05991352686843731 0.17304492512479203
0 0.14546016059295863 0.4875207986688852 0.07844348363187154 0.18302828618968386
0 0.14731315626930205 0.19717138103161397 0.05991352686843731 0.16472545757071547
0 0.24737492279184684 0.18469217970049917 0.0586781964175417 0.19633943427620631
