0 0.05033353547604609 0.1987075928917609 0.05700424499696786 0.15508885298869146
0 0.14978775015160703 0.2027463651050081 0.05579138872043663 0.15347334410339258
0 0.2498483929654336 0.1987075928917609 0.06306852637962401 0.18093699515347336
0 0.3435415403274712 0.20840064620355414 0.06973923590054579 0.1938610662358643
0 0.4375379017586416 0.20032310177705978 0.05761067313523348 0.1841680129240711
0 0.5354760460885385 0.20032310177705978 0.06549423893268648 0.1680129240710824
0 0.6391752577319588 0.20032310177705978 0.06428138265615525 0.1777059773828756
0 0.7404487568223166 0.20355411954765754 0.0667070952092177 0.1777059773828756
0 0.8350515463917526 0.1938610662358643 0.0545785324439054 0.19063004846526657
0 0.9378411158277744 0.1987075928917609 0.06003638568829594 0.18093699515347336
0 0.9269254093389934 0.494345718901454 0.06003638568829594 0.15508885298869146
0 0.9317768344451183 0.7536348949919225 0.07216494845360825 0.1631663974151858
0 0.8356579745300182 0.7673667205169629 0.05215281989084294 0.17124394184168015
0 0.7389326864766526 0.7697899838449112 0.06124924196482717 0.15993537964458807
0 0.7462098241358399 0.4870759289176091 0.056397816858702245 0.17932148626817448
0 0.834445118253487 0.49192245557350567 0.050939963614311703 0.1470113085621971
0 0.6334141904184354 0.48465266558966075 0.05761067313523348 0.18093699515347336
0 0.6397816858702244 0.778675282714055 0.05821710127349909 0.16478190630048467
0 0.5415403274711946 0.47092084006462037 0.05700424499696786 0.172859450726979
0 0.5388114008489994 0.7617124394184168 0.056397816858702245 0.1825525040387722
0 0.4475439660400243 0.7754442649434572 0.06306852637962401 0.17447495961227788
0 0.35233474833232264 0.475767366720517 0.06549423893268648 0.17932148626817448
0 0.44996967859308673 0.4854604200323102 0.0703456640388114 0.18578352180936997
0 0.3447543966040024 0.7722132471728596 0.06124924196482717 0.17124394184168015
0 0.25803517283201943 0.7746365105008078 0.056397816858702245 0.19224555735056545
0 0.25864160097028505 0.4862681744749596 0.056397816858702245 0.1777059773828756
0 0.13978168587022438 0.4684975767366721 0.053972104305639784 0.1841680129240711
0 0.1516070345664039 0.7722132471728596 0.061855670103092786 0.18093699515347336
0 0.04608853850818678 0.7875605815831987 0.06306852637962401 0.15024232633279483
0 0.055488174651303825 0.475767366720517 0.08065494238932687 0.17609046849757676
