0 0.059202453987730067 0.20887096774193548 0.07914110429447853 0.15
0 0.1561349693251534 0.20806451612903226 0.07791411042944786 0.15483870967741936
0 0.25766871165644173 0.2064516129032258 0.06748466257668712 0.17419354838709677
0 0.3558282208588957 0.20725806451612902 0.06625766871165645 0.16612903225806452
0 0.4552147239263804 0.20161290322580644 0.06625766871165645 0.15483870967741936
0 0.557361963190184 0.22096774193548388 0.07055214723926381 0.16129032258064516
0 0.6515337423312884 0.23790322580645162 0.06257668711656442 0.18870967741935485
0 0.7493865030674847 0.21048387096774193 0.05828220858895706 0.1532258064516129
0 0.8515337423312884 0.19919354838709677 0.05644171779141104 0.1403225806451613
0 0.9469325153374234 0.20967741935483872 0.07055214723926381 0.17096774193548386
0 0.9411042944785276 0.5153225806451613 0.0638036809815951 0.16612903225806452
0 0.9438650306748467 0.8112903225806452 0.06196319018404908 0.18064516129032257
0 0.8450920245398773 0.8137096774193548 0.06441717791411043 0.1693548387096774
0 0.8536809815950921 0.5056451612903226 0.054601226993865035 0.15645161290322582
0 0.7546012269938651 0.5129032258064516 0.060122699386503074 0.1967741935483871
0 0.6469325153374234 0.5185483870967742 0.05092024539877301 0.17903225806451614
0 0.6493865030674847 0.807258064516129 0.05582822085889571 0.16612903225806452
0 0.5441717791411044 0.8032258064516129 0.06134969325153375 0.19032258064516128
0 0.551840490797546 0.49193548387096775 0.05950920245398773 0.16774193548387098
0 0.4493865030674847 0.5048387096774194 0.05337423312883436 0.15483870967741936
0 0.4552147239263804 0.8032258064516129 0.0638036809815951 0.18064516129032257
0 0.3558282208588957 0.4879032258064516 0.06257668711656442 0.1403225806451613
0 0.35337423312883437 0.8104838709677419 0.05521472392638037 0.17903225806451614
0 0.25674846625766873 0.7935483870967742 0.05828220858895706 0.16129032258064516
0 0.25153374233128833 0.507258064516129 0.05644171779141104 0.16612903225806452
0 0.15552147239263805 0.5048387096774194 0.06196319018404908 0.14838709677419354
0 0.059202453987730067 0.5169354838709678 0.05828220858895706 0.15
0 0.061042944785276075 0.8008064516129032 0.06319018404907976 0.16612903225806452
0 0.15736196319018406 0.7967741935483871 0.05092024539877301 0.1774193548387097
