0 0.03368355995055624 0.14794007490636704 0.0661310259579728 0.2546816479400749
0 0.14091470951792334 0.12640449438202248 0.05809641532756489 0.1704119850187266
0 0.2453646477132262 0.13857677902621723 0.06674907292954264 0.2247191011235955
0 0.34579728059332504 0.13764044943820225 0.07354758961681088 0.22284644194756553
0 0.4449938195302843 0.1301498127340824 0.07045735475896167 0.1891385767790262
0 0.5441903584672435 0.14700374531835206 0.06365883807169344 0.2303370786516854
0 0.6464771322620518 0.15262172284644196 0.07416563658838071 0.2340823970037453
0 0.7447466007416563 0.14606741573033707 0.07540173053152038 0.2247191011235955
0 0.8479604449938195 0.14606741573033707 0.069221260815822 0.2209737827715356
0 0.9490111248454882 0.1441947565543071 0.0661310259579728 0.24719101123595505
0 0.9548825710754016 0.48782771535580527 0.06674907292954264 0.22659176029962547
0 0.949629171817058 0.7949438202247191 0.07972805933250926 0.21910112359550563
0 0.8488875154511742 0.8117977528089888 0.0772558714462299 0.24157303370786518
0 0.8510506798516686 0.4691011235955056 0.06427688504326329 0.24157303370786518
0 0.7413473423980221 0.4700374531835206 0.05500618046971569 0.19101123595505617
0 0.7472187886279357 0.8117977528089888 0.06427688504326329 0.21161048689138576
0 0.653584672435105 0.8108614232209738 0.0661310259579728 0.21348314606741572
0 0.6455500618046971 0.47752808988764045 0.05747836835599505 0.22846441947565543
0 0.5475896168108776 0.4691011235955056 0.055624227441285534 0.23782771535580524
0 0.5482076637824475 0.8136704119850188 0.05809641532756489 0.22284644194756553
0 0.44777503090234855 0.8127340823970037 0.07354758961681088 0.2247191011235955
0 0.4428306551297898 0.47284644194756553 0.06983930778739184 0.2303370786516854
0 0.34703337453646477 0.4691011235955056 0.05995055624227441 0.21910112359550563
0 0.3405438813349814 0.7846441947565543 0.061804697156983925 0.149812734082397
0 0.24351050679851666 0.4541198501872659 0.08034610630407911 0.19662921348314608
0 0.2453646477132262 0.7968164794007491 0.05809641532756489 0.16292134831460675
0 0.14894932014833126 0.47752808988764045 0.07292954264524103 0.24344569288389514
0 0.1387515451174289 0.7893258426966292 0.06983930778739184 0.16666666666666666
0 0.04480840543881335 0.8117977528089888 0.058714462299134726 0.18164794007490637
0 0.04171817058096415 0.449438202247191 0.08096415327564895 0.19850187265917604
