0 0.054440389294403896 0.16204506065857885 0.06630170316301703 0.19584055459272096
1 0.44525547445255476 0.1386481802426343 0.058394160583941604 0.16984402079722702
1 0.15054744525547445 0.14471403812824957 0.06508515815085159 0.16464471403812825
1 0.25 0.1386481802426343 0.06934306569343066 0.15944540727902945
1 0.3488442822384428 0.13518197573656845 0.07846715328467153 0.17677642980935873
1 0.5462287104622872 0.1360485268630849 0.06082725060827251 0.18197573656845753
1 0.648418491484185 0.158578856152513 0.06690997566909976 0.2166377816291161
1 0.745742092457421 0.14731369150779894 0.06934306569343066 0.1975736568457539
1 0.8439781021897811 0.1412478336221837 0.07360097323600974 0.1854419410745234
1 0.9416058394160585 0.14298093587521662 0.06326034063260341 0.1681109185441941
1 0.943734793187348 0.45320623916811087 0.05656934306569343 0.18197573656845753
1 0.9364355231143553 0.7634315424610052 0.06630170316301703 0.17850953206239167
1 0.8433698296836983 0.7764298093587522 0.054136253041362534 0.19410745233968804
1 0.8491484184914843 0.4523396880415944 0.058394160583941604 0.19410745233968804
1 0.745742092457421 0.4480069324090121 0.0705596107055961 0.18197573656845753
1 0.7460462287104623 0.7729636048526862 0.06873479318734793 0.2045060658578856
1 0.648418491484185 0.7625649913344887 0.058394160583941604 0.18370883882149044
1 0.6478102189781022 0.4575389948006932 0.06569343065693431 0.17331022530329288
1 0.5492700729927007 0.4540727902946274 0.06082725060827251 0.16984402079722702
1 0.5465328467153285 0.7512998266897747 0.06630170316301703 0.1854419410745234
1 0.44768856447688565 0.7504332755632582 0.06326034063260341 0.1802426343154246
1 0.45225060827250607 0.4480069324090121 0.06143552311435523 0.20970537261698438
1 0.3494525547445256 0.4506065857885615 0.05778588807785888 0.16637781629116116
1 0.34793187347931875 0.7651646447140381 0.06082725060827251 0.1681109185441941
1 0.24695863746958638 0.766897746967071 0.06569343065693431 0.20970537261698438
1 0.24878345498783455 0.44974003466204504 0.06447688564476886 0.15771230502599654
1 0.1478102189781022 0.45840554592720967 0.057177615571776155 0.20623916811091852
1 0.14750608272506083 0.7616984402079723 0.06873479318734793 0.1993067590987868
1 0.051094890510948905 0.7625649913344887 0.06326034063260341 0.20103986135181975
1 0.051094890510948905 0.44974003466204504 0.058394160583941604 0.17850953206239167
