1 0.05428747686613202 0.17375886524822695 0.06539173349784085 0.18085106382978722
1 0.05305367057371993 0.4707446808510638 0.049352251696483655 0.18971631205673758
1 0.05459592843923504 0.7907801418439716 0.05737199259716225 0.1702127659574468
1 0.14805675508945096 0.7952127659574468 0.06539173349784085 0.21453900709219859
1 0.2594077729796422 0.7943262411347518 0.06971005552128316 0.22695035460992907
1 0.3488587291795188 0.7890070921985816 0.056138186304750155 0.1879432624113475
1 0.4512646514497224 0.7960992907801419 0.06230721776681061 0.1950354609929078
1 0.553979025293029 0.8093971631205673 0.056755089450956205 0.20390070921985815
1 0.6533004318322023 0.7907801418439716 0.056755089450956205 0.16666666666666666
1 0.756940160394818 0.7925531914893617 0.06539173349784085 0.19148936170212766
1 0.8519432449105491 0.7960992907801419 0.06909315237507711 0.20212765957446807
1 0.9509561998766194 0.7969858156028369 0.06847624922887106 0.22163120567375885
1 0.9432449105490438 0.4831560283687943 0.06415792720542875 0.19326241134751773
1 0.9478716841455892 0.1595744680851064 0.054904380012338064 0.18085106382978722
1 0.8513263417643431 0.1702127659574468 0.05181986428130784 0.18439716312056736
1 0.8457742134484886 0.48936170212765956 0.06045650832819247 0.20567375886524822
1 0.756940160394818 0.4716312056737589 0.05305367057371993 0.18439716312056736
1 0.7458359037631093 0.16400709219858156 0.05922270203578038 0.2074468085106383
1 0.6517581739666872 0.1702127659574468 0.056138186304750155 0.22340425531914893
1 0.6539173349784084 0.499113475177305 0.048118445404071564 0.18971631205673758
1 0.5527452190006169 0.47429078014184395 0.049352251696483655 0.19326241134751773
1 0.5493522516964837 0.16843971631205673 0.06600863664404688 0.2127659574468085
1 0.45404071560764964 0.17819148936170212 0.049352251696483655 0.200354609929078
1 0.45188155459592844 0.48138297872340424 0.0647748303516348 0.20390070921985815
1 0.3466995681677977 0.4875886524822695 0.06292412091301666 0.1879432624113475
1 0.3504009870450339 0.17198581560283688 0.06415792720542875 0.1950354609929078
1 0.256323257248612 0.14804964539007093 0.054904380012338064 0.18617021276595744
1 0.25077112893275755 0.4734042553191489 0.056138186304750155 0.18085106382978722
1 0.15330043183220235 0.4787234042553191 0.05860579888957434 0.17375886524822695
1 0.15206662553979025 0.15425531914893617 0.05243676742751388 0.18439716312056736
