1 0.05593116164720344 0.18165784832451498 0.06515058389674247 0.18342151675485008
1 0.05101413644744929 0.49382716049382713 0.06515058389674247 0.18342151675485008
1 0.06054087277197295 0.8059964726631392 0.060848186846957586 0.20105820105820105
1 0.15826674861708664 0.8033509700176367 0.06822372464658881 0.19223985890652556
1 0.15765212046711738 0.501763668430335 0.07068223724646588 0.19929453262786595
1 0.1604179471419791 0.2054673721340388 0.06760909649661954 0.1781305114638448
1 0.2526121696373694 0.17901234567901234 0.05162876459741856 0.18518518518518517
1 0.2538414259373079 0.501763668430335 0.066379840196681 0.20987654320987653
1 0.2584511370620774 0.8192239858906525 0.07068223724646588 0.21340388007054673
1 0.3543331284572833 0.8139329805996472 0.07682851874615856 0.21693121693121692
1 0.3552550706822372 0.49559082892416223 0.07129686539643515 0.21869488536155202
1 0.3540258143822987 0.17989417989417988 0.0626920712968654 0.20811287477954143
1 0.4474492931776275 0.1710758377425044 0.060233558696988314 0.16225749559082892
1 0.45881991395205896 0.5026455026455026 0.05838967424708051 0.17989417989417988
1 0.45513214505224336 0.8227513227513227 0.07314074984634296 0.19576719576719576
1 0.5537799631223109 0.8130511463844796 0.07129686539643515 0.2292768959435626
1 0.6472034419176398 0.8068783068783069 0.06760909649661954 0.21693121693121692
1 0.552858020897357 0.5088183421516754 0.06330669944683466 0.18518518518518517
1 0.5494775660725261 0.1675485008818342 0.0626920712968654 0.1763668430335097
1 0.647818070067609 0.18165784832451498 0.06146281499692685 0.1693121693121693
1 0.6548862937922556 0.47795414462081126 0.07191149354640441 0.1763668430335097
1 0.7516902274124154 0.17548500881834214 0.06883835279655807 0.18871252204585537
1 0.7501536570374923 0.48853615520282184 0.06330669944683466 0.1693121693121693
1 0.7575291948371234 0.8156966490299823 0.07437000614628149 0.19929453262786595
1 0.8543331284572833 0.8139329805996472 0.06883835279655807 0.19929453262786595
1 0.9496004917025199 0.8227513227513227 0.07498463429625077 0.2275132275132275
1 0.9535955746773201 0.48765432098765427 0.06453595574677319 0.18518518518518517
1 0.8558696988322064 0.48236331569664903 0.0547019053472649 0.164021164021164
1 0.8512599877074369 0.18342151675485008 0.066379840196681 0.19753086419753085
1 0.9480639213275968 0.18077601410934743 0.06576521204671174 0.18518518518518517
