1 0.05813953488372092 0.14673913043478262 0.06364749082007343 0.2246376811594203
1 0.061505507955936345 0.46920289855072467 0.05691554467564259 0.1956521739130435
1 0.056609547123623004 0.8043478260869565 0.06670746634026928 0.21014492753623187
1 0.15850673194614442 0.7871376811594203 0.06731946144430843 0.20833333333333334
1 0.25397796817625456 0.776268115942029 0.07343941248470012 0.21920289855072464
1 0.3479192166462668 0.8043478260869565 0.06303549571603427 0.20652173913043478
1 0.45318237454100363 0.7989130434782609 0.05936352509179926 0.19927536231884058
1 0.5526315789473684 0.7853260869565217 0.06854345165238677 0.18297101449275363
1 0.653610771113831 0.792572463768116 0.05752753977968176 0.17572463768115942
1 0.7487760097919216 0.779891304347826 0.06670746634026928 0.20108695652173914
1 0.8451652386780905 0.7880434782608696 0.056303549571603426 0.19202898550724637
1 0.9415544675642594 0.7862318840579711 0.05691554467564259 0.2028985507246377
1 0.9495104039167686 0.45561594202898553 0.060587515299877596 0.20108695652173914
1 0.9449204406364748 0.1503623188405797 0.0624235006119951 0.19202898550724637
1 0.850673194614443 0.14673913043478262 0.06487148102815177 0.20652173913043478
1 0.8515911872705018 0.4682971014492754 0.060587515299877596 0.20471014492753623
1 0.7487760097919216 0.46557971014492755 0.05446756425948592 0.18115942028985507
1 0.7533659730722153 0.1539855072463768 0.06731946144430843 0.213768115942029
1 0.6508567931456548 0.14764492753623187 0.060587515299877596 0.18659420289855072
1 0.6490208078335373 0.463768115942029 0.06670746634026928 0.17028985507246377
1 0.5489596083231334 0.46195652173913043 0.07588739290085679 0.15217391304347827
1 0.5517135862913096 0.14855072463768115 0.05446756425948592 0.213768115942029
1 0.45073439412484695 0.1503623188405797 0.055691554467564255 0.2318840579710145
1 0.4495104039167686 0.4701086956521739 0.060587515299877596 0.17572463768115942
1 0.3531211750305997 0.13768115942028986 0.06731946144430843 0.1956521739130435
1 0.3555691554467564 0.46648550724637683 0.06119951040391676 0.20833333333333334
1 0.25826193390452873 0.14673913043478262 0.059975520195838426 0.213768115942029
1 0.25367197062423497 0.46467391304347827 0.07527539779681762 0.23007246376811594
1 0.15973072215422277 0.47282608695652173 0.0624235006119951 0.17753623188405798
1 0.15850673194614442 0.15217391304347827 0.06364749082007343 0.1956521739130435
