1 0.06087219866747426 0.14492753623188406 0.06480920654149 0.19202898550724637
1 0.15505754088431253 0.14402173913043478 0.05572380375529982 0.17572463768115942
1 0.14930345245305876 0.48097826086956524 0.059963658388855236 0.20471014492753623
0 0.052392489400363416 0.4773550724637681 0.06359781950333131 0.19384057971014493
1 0.05542095699576014 0.7961956521739131 0.05390672319806178 0.18659420289855072
1 0.16111447607510598 0.8115942028985508 0.06662628709872805 0.19927536231884058
1 0.2549969715324046 0.8007246376811594 0.05330102967898243 0.19927536231884058
1 0.3531193216232586 0.7961956521739131 0.0581465778316172 0.20471014492753623
1 0.45184736523319197 0.7907608695652174 0.04966686856450636 0.19384057971014493
1 0.5505754088431254 0.7907608695652174 0.054512416717141125 0.20108695652173914
1 0.6493034524530588 0.7934782608695652 0.04966686856450636 0.16304347826086957
1 0.744397334948516 0.7961956521739131 0.05935796486977589 0.19746376811594202
1 0.8473652331920049 0.8034420289855072 0.06056935190793458 0.20108695652173914
1 0.9439733494851604 0.7862318840579711 0.05511811023622047 0.19927536231884058
1 0.9439733494851604 0.46195652173913043 0.06602059357964869 0.213768115942029
1 0.8464566929133858 0.46195652173913043 0.06117504542701393 0.19202898550724637
1 0.7440944881889764 0.46195652173913043 0.05390672319806178 0.18115942028985507
1 0.6477892186553603 0.46920289855072467 0.056329497274379164 0.1956521739130435
1 0.5505754088431254 0.48007246376811596 0.04845548152634767 0.1956521739130435
1 0.44760751059963655 0.47192028985507245 0.06904906117504543 0.18297101449275363
1 0.3497880072683222 0.47101449275362317 0.06359781950333131 0.213768115942029
1 0.2562083585705633 0.4592391304347826 0.061780738946093275 0.19384057971014493
1 0.24833434282253178 0.14221014492753623 0.05208964264082374 0.15760869565217392
1 0.3528164748637189 0.13949275362318841 0.049061175045427015 0.17391304347826086
1 0.4497274379164143 0.15579710144927536 0.05511811023622047 0.1956521739130435
1 0.5551181102362205 0.1539855072463768 0.06480920654149 0.19927536231884058
1 0.6493034524530588 0.13677536231884058 0.06662628709872805 0.16847826086956522
1 0.7489400363416111 0.13949275362318841 0.05875227135069654 0.17391304347826086
1 0.8437310720775287 0.1431159420289855 0.05935796486977589 0.1847826086956522
1 0.9454875832828589 0.13134057971014493 0.06420351302241066 0.19384057971014493
