1 0.055692307692307694 0.2020033388981636 0.07076923076923076 0.18697829716193656
1 0.051076923076923075 0.4908180300500835 0.06523076923076923 0.17362270450751252
1 0.054461538461538464 0.7854757929883138 0.07692307692307693 0.18864774624373956
1 0.15015384615384617 0.7929883138564274 0.06276923076923077 0.21035058430717865
1 0.1443076923076923 0.501669449081803 0.0596923076923077 0.18864774624373956
1 0.15353846153846154 0.19532554257095158 0.0596923076923077 0.1669449081803005
1 0.2569230769230769 0.2020033388981636 0.06338461538461539 0.1903171953255426
1 0.24523076923076925 0.503338898163606 0.05476923076923077 0.2020033388981636
1 0.24461538461538462 0.8130217028380634 0.07323076923076924 0.18363939899833057
1 0.3446153846153846 0.7979966611018364 0.06153846153846154 0.1636060100166945
1 0.4387692307692308 0.8030050083472454 0.064 0.1903171953255426
1 0.5418461538461539 0.8080133555926544 0.05846153846153846 0.16026711185308848
1 0.6449230769230769 0.8013355592654424 0.06153846153846154 0.1903171953255426
1 0.748 0.7996661101836394 0.07692307692307693 0.21368948247078465
1 0.8403076923076923 0.7863105175292154 0.05723076923076923 0.1969949916527546
1 0.9387692307692308 0.7946577629382304 0.05230769230769231 0.22036727879799667
1 0.9415384615384615 0.5041736227045075 0.055384615384615386 0.18363939899833057
1 0.9363076923076923 0.2020033388981636 0.05353846153846154 0.20701168614357263
1 0.8418461538461539 0.2003338898163606 0.07384615384615385 0.20701168614357263
1 0.8424615384615385 0.4958263772954925 0.05907692307692308 0.18030050083472454
1 0.7489230769230769 0.506677796327212 0.057846153846153846 0.17195325542570952
1 0.7516923076923078 0.2287145242070117 0.06584615384615385 0.16026711185308848
1 0.6529230769230769 0.22287145242070117 0.05907692307692308 0.17195325542570952
1 0.6427692307692308 0.491652754590985 0.06953846153846154 0.18530884808013356
1 0.5476923076923077 0.19198664440734559 0.064 0.18363939899833057
1 0.5464615384615384 0.5008347245409015 0.057846153846153846 0.1903171953255426
1 0.444 0.506677796327212 0.05723076923076923 0.18864774624373956
1 0.4489230769230769 0.20450751252086813 0.06215384615384616 0.1986644407345576
1 0.3544615384615385 0.20784641068447413 0.05907692307692308 0.17863105175292154
1 0.3436923076923077 0.4991652754590985 0.05353846153846154 0.17362270450751252
