1 0.05704697986577181 0.13594890510948904 0.06528370957901158 0.1989051094890511
1 0.05552165954850519 0.4726277372262774 0.05003050640634533 0.1897810218978102
1 0.05735204392922513 0.8047445255474452 0.04881025015253203 0.20802919708029197
1 0.15405735204392923 0.8001824817518248 0.04820012202562538 0.1989051094890511
1 0.2483221476510067 0.802007299270073 0.05613178767541183 0.18795620437956204
1 0.3523489932885906 0.7901459854014599 0.061622940817571685 0.2116788321167883
1 0.44722391702257475 0.7965328467153284 0.05979255643685174 0.21715328467153283
1 0.5457596095179987 0.7928832116788321 0.05552165954850519 0.21350364963503649
1 0.6543624161073825 0.7937956204379562 0.05552165954850519 0.2116788321167883
1 0.7541183648566199 0.7855839416058394 0.053691275167785234 0.19525547445255473
1 0.8492983526540573 0.791970802919708 0.04636973764490543 0.19343065693430656
1 0.9499694935936547 0.8074817518248175 0.05979255643685174 0.22080291970802918
1 0.9472239170225747 0.46532846715328463 0.05552165954850519 0.18248175182481752
1 0.9499694935936547 0.13959854014598538 0.053691275167785234 0.20255474452554745
1 0.8499084807809639 0.13959854014598538 0.05735204392922513 0.19525547445255473
1 0.8514338010982306 0.46624087591240876 0.057962172056131786 0.1989051094890511
1 0.7525930445393533 0.4635036496350365 0.05308114704087858 0.20437956204379562
1 0.6464307504575961 0.1468978102189781 0.061622940817571685 0.18795620437956204
1 0.650091519219036 0.4607664233576642 0.06528370957901158 0.1843065693430657
1 0.5472849298352653 0.48083941605839414 0.06345332519829164 0.21350364963503649
1 0.5509456985967053 0.14781021897810218 0.051250762660158634 0.1678832116788321
1 0.45118974984746796 0.14142335766423358 0.05552165954850519 0.1551094890510949
1 0.3511287370347773 0.1386861313868613 0.06284319707138498 0.17883211678832117
1 0.3505186089078706 0.4562043795620438 0.059182428309945086 0.19343065693430656
1 0.4496644295302013 0.46441605839416056 0.05979255643685174 0.1843065693430657
1 0.2528981086028066 0.14416058394160583 0.056741915802318486 0.17883211678832117
1 0.24740695546064673 0.44525547445255476 0.05308114704087858 0.20072992700729927
1 0.15558267236119586 0.46624087591240876 0.053691275167785234 0.19160583941605838
1 0.1552776082977425 0.13503649635036497 0.059182428309945086 0.1970802919708029
