1 0.06107341147439852 0.147377938517179 0.06539173349784085 0.1934900542495479
1 0.053979025293029 0.4665461121157324 0.0635410240592227 0.18806509945750452
1 0.049352251696483655 0.7938517179023508 0.061690314620604564 0.19168173598553345
1 0.15360888340530537 0.13200723327305605 0.05428747686613202 0.162748643761302
1 0.15021591610117213 0.4656419529837251 0.0635410240592227 0.18625678119349004
1 0.15052436767427516 0.7920433996383364 0.061690314620604564 0.1735985533453888
1 0.25478099938309684 0.13562386980108498 0.06785934608266503 0.19529837251356238
1 0.24645280690931526 0.4674502712477396 0.05737199259716225 0.15732368896925858
1 0.25293028994447875 0.7902350813743219 0.07649599012954966 0.20976491862567812
1 0.3491671807526219 0.8010849909584087 0.07649599012954966 0.20614828209764918
1 0.44663787785317705 0.7911392405063291 0.07032695866748921 0.18625678119349004
1 0.5487353485502776 0.7911392405063291 0.05983960518198643 0.1934900542495479
1 0.6446637877853177 0.7884267631103073 0.07402837754472548 0.20614828209764918
1 0.7436767427513881 0.7902350813743219 0.0635410240592227 0.18806509945750452
1 0.8436150524367675 0.8065099457504521 0.06600863664404688 0.19168173598553345
1 0.9429364589759408 0.7902350813743219 0.06230721776681061 0.20614828209764918
1 0.9429364589759408 0.48282097649186256 0.0647748303516348 0.2314647377938517
1 0.8451573103022826 0.46112115732368897 0.056755089450956205 0.1735985533453888
1 0.7439851943244911 0.47197106690777574 0.06415792720542875 0.20976491862567812
1 0.6468229487970388 0.4602169981916817 0.054904380012338064 0.1826401446654611
1 0.5468846391116595 0.47106690777576854 0.06230721776681061 0.18625678119349004
1 0.4521900061690315 0.46202531645569617 0.06539173349784085 0.18625678119349004
1 0.35070943861813697 0.45750452079566 0.05860579888957434 0.1844484629294756
1 0.3544108574953732 0.15461121157323687 0.06230721776681061 0.17902350813743217
1 0.4469463294262801 0.15009041591320071 0.07217766810610735 0.2206148282097649
1 0.5484268969771746 0.14647377938517178 0.07649599012954966 0.1844484629294756
1 0.6446637877853177 0.147377938517179 0.06292412091301666 0.17540687160940324
1 0.7436767427513881 0.14828209764918626 0.06600863664404688 0.20253164556962025
1 0.8494756323257249 0.14014466546112114 0.0715607649599013 0.20795660036166363
1 0.9447871684145589 0.1518987341772152 0.07094386181369525 0.22423146473779385
