1 0.0556592039800995 0.17902350813743217 0.06778606965174129 0.20253164556962025
1 0.049129353233830844 0.48553345388788427 0.055970149253731345 0.1826401446654611
1 0.04757462686567164 0.7893309222423146 0.05161691542288557 0.16817359855334538
1 0.14925373134328357 0.1491862567811935 0.05970149253731343 0.15732368896925858
1 0.15080845771144277 0.4819168173598553 0.06032338308457711 0.1609403254972875
1 0.15080845771144277 0.8001808318264014 0.056592039800995024 0.1717902350813743
1 0.24968905472636815 0.8209764918625678 0.0640547263681592 0.20253164556962025
1 0.2515547263681592 0.47197106690777574 0.07276119402985075 0.20976491862567812
1 0.24875621890547264 0.15370705244122965 0.0572139303482587 0.1735985533453888
1 0.35199004975124376 0.14285714285714285 0.06592039800995025 0.16998191681735986
1 0.3498134328358209 0.4918625678119349 0.07027363184079602 0.22423146473779385
1 0.34888059701492535 0.8119349005424955 0.06218905472636816 0.19529837251356238
1 0.44713930348258707 0.7920433996383364 0.07213930348258707 0.18806509945750452
1 0.44931592039800994 0.4819168173598553 0.05783582089552239 0.1717902350813743
1 0.44931592039800994 0.15009041591320071 0.06778606965174129 0.19529837251356238
1 0.5519278606965174 0.15913200723327306 0.07151741293532338 0.18083182640144665
1 0.5475746268656716 0.47468354430379744 0.05907960199004975 0.16817359855334538
1 0.5457089552238806 0.794755877034358 0.07027363184079602 0.18987341772151897
1 0.654228855721393 0.7992766726943942 0.07338308457711443 0.18806509945750452
1 0.6536069651741293 0.4755877034358047 0.06840796019900497 0.20253164556962025
1 0.6476990049751243 0.14195298372513562 0.06281094527363185 0.14647377938517178
1 0.7527985074626865 0.15099457504520794 0.07027363184079602 0.1934900542495479
1 0.7602611940298507 0.4810126582278481 0.07276119402985075 0.18806509945750452
1 0.7493781094527363 0.8001808318264014 0.07213930348258707 0.1717902350813743
1 0.8498134328358209 0.8019891500904159 0.07276119402985075 0.18625678119349004
1 0.849502487562189 0.47106690777576854 0.05845771144278607 0.17902350813743217
1 0.8473258706467661 0.162748643761302 0.07276119402985075 0.20614828209764918
1 0.9505597014925373 0.15009041591320071 0.06654228855721393 0.20253164556962025
1 0.9574004975124378 0.4656419529837251 0.07276119402985075 0.1826401446654611
1 0.9518034825870647 0.8065099457504521 0.07027363184079602 0.20976491862567812
