1 0.04894014962593516 0.14882032667876588 0.06296758104738154 0.1705989110707804
1 0.05049875311720698 0.4782214156079855 0.05486284289276808 0.19419237749546278
1 0.0520573566084788 0.7885662431941923 0.06920199501246882 0.1869328493647913
1 0.14900249376558602 0.7949183303085299 0.06483790523690773 0.18874773139745915
1 0.14869077306733167 0.48094373865698725 0.064214463840399 0.1996370235934664
1 0.1502493765586035 0.15245009074410162 0.0685785536159601 0.20326678765880218
1 0.253428927680798 0.15335753176043557 0.05922693266832917 0.17604355716878403
1 0.24750623441396508 0.4691470054446461 0.05860349127182045 0.18330308529945552
1 0.24750623441396508 0.7903811252268602 0.06733167082294264 0.2159709618874773
1 0.3513092269326683 0.8076225045372051 0.05299251870324189 0.1996370235934664
1 0.4498129675810474 0.7867513611615244 0.06670822942643391 0.19782214156079855
1 0.5511221945137157 0.8012704174228675 0.05486284289276808 0.2087114337568058
1 0.550498753117207 0.4718693284936479 0.05236907730673317 0.20326678765880218
1 0.4498129675810474 0.48548094373865697 0.05548628428927681 0.20508166969147004
1 0.3525561097256858 0.48094373865698725 0.05922693266832917 0.18874773139745915
1 0.34819201995012466 0.13157894736842105 0.05922693266832917 0.18330308529945552
1 0.45074812967581046 0.1424682395644283 0.0685785536159601 0.18330308529945552
1 0.5489401496259352 0.13339382940108893 0.06546134663341646 0.18330308529945552
1 0.6511845386533666 0.1451905626134301 0.07793017456359103 0.20689655172413793
1 0.6530548628428927 0.4627949183303085 0.06296758104738154 0.1996370235934664
1 0.6493142144638404 0.7994555353901996 0.05423940149625935 0.21234119782214156
1 0.7509351620947631 0.7894736842105263 0.05673316708229426 0.19600725952813067
1 0.8494389027431422 0.7912885662431942 0.06546134663341646 0.1996370235934664
1 0.9548004987531172 0.7840290381125227 0.05798004987531172 0.21052631578947367
1 0.9510598503740648 0.4455535390199637 0.05548628428927681 0.17604355716878403
1 0.8553615960099751 0.4646098003629764 0.07356608478802992 0.1851179673321234
1 0.7528054862842892 0.47731397459165154 0.05423940149625935 0.19600725952813067
1 0.7540523690773067 0.1424682395644283 0.06296758104738154 0.23411978221415608
1 0.8528678304239401 0.1451905626134301 0.062344139650872814 0.20326678765880218
1 0.955423940149626 0.1442831215970962 0.06296758104738154 0.2014519056261343
