1 0.06291997556505803 0.19691780821917806 0.05864386072083079 0.18835616438356162
1 0.055589492974954184 0.5051369863013698 0.05864386072083079 0.1917808219178082
1 0.05803298717165547 0.8013698630136986 0.06230910201588272 0.1541095890410959
1 0.16035430665852168 0.7962328767123287 0.08002443494196701 0.1815068493150685
1 0.15699450213805743 0.4991438356164383 0.06719609040928529 0.1660958904109589
1 0.15485644471594381 0.18065068493150685 0.06536346976175932 0.1660958904109589
1 0.25626145387904703 0.19691780821917806 0.07269395235186317 0.1952054794520548
1 0.2556505803298717 0.48801369863013694 0.07025045815516189 0.1678082191780822
1 0.2529016493585828 0.7919520547945205 0.06230910201588272 0.1660958904109589
1 0.3546120952962737 0.797945205479452 0.0763591936469151 0.18835616438356162
1 0.35186316432498477 0.4948630136986301 0.05864386072083079 0.1815068493150685
1 0.3564447159437997 0.18664383561643835 0.06658521686010996 0.1815068493150685
1 0.45754428833231525 0.2011986301369863 0.0708613317043372 0.19691780821917806
1 0.4526572999389127 0.4991438356164383 0.08307880268784362 0.1626712328767123
1 0.451435552840562 0.8125 0.0708613317043372 0.2071917808219178
1 0.5510079413561393 0.8039383561643835 0.07697006719609041 0.19691780821917806
1 0.5488698839340257 0.4914383561643835 0.06902871105681124 0.1917808219178082
1 0.5482590103848504 0.18835616438356162 0.07025045815516189 0.17465753424657532
1 0.6478313989004276 0.19434931506849315 0.07513744654856445 0.21061643835616436
1 0.6576053756872328 0.4777397260273972 0.07147220525351253 0.16095890410958902
1 0.6505803298717165 0.795376712328767 0.07819181429444105 0.1797945205479452
1 0.7483200977397679 0.8065068493150684 0.06841783750763591 0.1952054794520548
1 0.7519853390348198 0.48801369863013694 0.06841783750763591 0.17123287671232876
1 0.7522907758094075 0.1977739726027397 0.07147220525351253 0.2071917808219178
1 0.8451435552840563 0.199486301369863 0.07269395235186317 0.21404109589041095
1 0.8478924862553452 0.48972602739726023 0.06841783750763591 0.16095890410958902
0 0.8457544288332316 0.8150684931506849 0.0678069639584606 0.1815068493150685
1 0.9450213805742211 0.8022260273972602 0.06841783750763591 0.2208904109589041
1 0.9459376908979842 0.4931506849315068 0.06536346976175932 0.1917808219178082
1 0.9465485644471595 0.19434931506849315 0.07147220525351253 0.18664383561643835
