1 0.05733662145499384 0.18149466192170818 0.06658446362515413 0.20640569395017794
1 0.056103575832305796 0.47597864768683273 0.05672009864364982 0.1690391459074733
1 0.05579531442663379 0.8024911032028469 0.06473489519112208 0.20284697508896796
1 0.15135635018495686 0.1681494661921708 0.06226880394574599 0.1868327402135231
1 0.155980271270037 0.4724199288256227 0.06658446362515413 0.1690391459074733
1 0.15443896424167694 0.8078291814946619 0.059802712700369916 0.19217081850533807
1 0.2586313193588163 0.800711743772242 0.07090012330456227 0.19217081850533807
1 0.25554870530209617 0.47064056939501775 0.05240443896424168 0.1797153024911032
1 0.25400739827373614 0.1788256227758007 0.06165228113440197 0.1868327402135231
1 0.36128236744759556 0.18505338078291814 0.06041923551171394 0.16725978647686832
1 0.35511713933415534 0.4866548042704626 0.05795314426633785 0.16548042704626334
1 0.35696670776818745 0.8042704626334519 0.06658446362515413 0.199288256227758
1 0.4562268803945746 0.8104982206405693 0.059186189889025895 0.1868327402135231
1 0.5499383477188656 0.800711743772242 0.06041923551171394 0.17437722419928825
1 0.6541307028360049 0.8069395017793594 0.06781750924784218 0.20818505338078291
1 0.7540073982737361 0.7935943060498221 0.05795314426633785 0.1779359430604982
1 0.8541923551171393 0.8042704626334519 0.05240443896424168 0.18505338078291814
1 0.9454377311960542 0.806049822064057 0.05733662145499384 0.1779359430604982
1 0.9522194821208385 0.4768683274021352 0.05240443896424168 0.19217081850533807
1 0.8501849568434032 0.4919928825622776 0.059186189889025895 0.1903914590747331
1 0.7573982737361282 0.4777580071174377 0.051171393341553635 0.19395017793594305
1 0.6507398273736128 0.4697508896797153 0.0499383477188656 0.16370106761565836
1 0.5536374845869297 0.4768683274021352 0.06041923551171394 0.17437722419928825
1 0.45437731196054254 0.47064056939501775 0.07151664611590629 0.20106761565836298
1 0.45160295930949446 0.16103202846975087 0.056103575832305796 0.15124555160142347
1 0.5548705302096177 0.1690391459074733 0.051787916152897656 0.18505338078291814
1 0.656905055487053 0.15480427046263345 0.058569667077681874 0.18861209964412812
1 0.7543156596794082 0.13790035587188612 0.05240443896424168 0.17615658362989323
1 0.8498766954377313 0.16014234875444838 0.05733662145499384 0.18861209964412812
0 0.9469790382244143 0.1788256227758007 0.05425400739827374 0.17259786476868327
