1 0.05158483530142945 0.15135135135135136 0.07209446861404599 0.2126126126126126
1 0.15444375388440024 0.14054054054054055 0.061528899937849595 0.18018018018018017
1 0.25668116842759475 0.15405405405405406 0.0658794282162834 0.1927927927927928
1 0.355811062771908 0.16306306306306306 0.07271597265382225 0.1927927927927928
1 0.35301429459291483 0.4756756756756757 0.06960845245494095 0.20540540540540542
1 0.24704785581106276 0.4657657657657658 0.05904288377874456 0.1891891891891892
1 0.15257924176507145 0.46306306306306305 0.0689869484151647 0.19099099099099098
1 0.05158483530142945 0.46306306306306305 0.06215040397762585 0.15855855855855855
1 0.051895587321317584 0.8108108108108109 0.052827843380981974 0.209009009009009
1 0.15320074580484772 0.8054054054054054 0.056556867619639524 0.16576576576576577
1 0.24922311995027965 0.8153153153153153 0.057178371659415785 0.17477477477477477
1 0.34400248601615907 0.7828828828828829 0.06525792417650714 0.14594594594594595
1 0.45090118085767555 0.7756756756756756 0.06525792417650714 0.15315315315315314
1 0.46053449347420755 0.47387387387387386 0.060907395898073334 0.1873873873873874
1 0.44655065257924176 0.14324324324324325 0.052827843380981974 0.1783783783783784
1 0.5546923555003107 0.16036036036036036 0.07395898073337476 0.21621621621621623
1 0.6535114978247358 0.14954954954954955 0.06277190801740211 0.1837837837837838
1 0.6519577377252952 0.47927927927927927 0.0584213797389683 0.1981981981981982
1 0.6535114978247358 0.8009009009009009 0.07893101305158483 0.2036036036036036
1 0.7517091361093846 0.7828828828828829 0.07893101305158483 0.1963963963963964
1 0.7579241765071473 0.4711711711711712 0.060285891858297073 0.2
1 0.7566811684275947 0.13873873873873874 0.05779987569919204 0.15495495495495495
1 0.8527035425730267 0.15135135135135136 0.05469235550031075 0.2018018018018018
1 0.8505282784338097 0.47297297297297297 0.06277190801740211 0.2072072072072072
1 0.8567433188315724 0.7900900900900901 0.06650093225605966 0.18558558558558558
1 0.9515226848974517 0.8036036036036036 0.0733374766935985 0.1873873873873874
1 0.9493474207582349 0.46756756756756757 0.056556867619639524 0.1927927927927928
1 0.9462399005593536 0.14054054054054055 0.0689869484151647 0.18018018018018017
