1 0.053198031980319804 0.17753001715265865 0.06457564575645756 0.1869639794168096
1 0.0544280442804428 0.49914236706689535 0.07441574415744158 0.19897084048027444
1 0.055965559655596554 0.8087478559176672 0.06888068880688807 0.18010291595197256
1 0.1515990159901599 0.5017152658662093 0.06703567035670357 0.2006861063464837
1 0.15436654366543665 0.8044596912521441 0.06765067650676507 0.15437392795883362
1 0.15467404674046742 0.16895368782161235 0.05842558425584256 0.1732418524871355
1 0.25092250922509224 0.1792452830188679 0.07134071340713408 0.1732418524871355
1 0.25092250922509224 0.49313893653516294 0.06765067650676507 0.1835334476843911
1 0.25276752767527677 0.7933104631217839 0.07011070110701108 0.16295025728987994
1 0.3499384993849939 0.807032590051458 0.06519065190651907 0.1732418524871355
1 0.3514760147601476 0.4879931389365352 0.05842558425584256 0.1835334476843911
1 0.35178351783517836 0.18010291595197256 0.07503075030750307 0.17495711835334476
1 0.4526445264452645 0.1783876500857633 0.06396063960639607 0.17152658662092624
1 0.452029520295203 0.4922813036020583 0.06765067650676507 0.17495711835334476
1 0.45079950799507995 0.8121783876500858 0.07134071340713408 0.18010291595197256
1 0.5510455104551045 0.7915951972555746 0.06642066420664207 0.16295025728987994
1 0.5498154981549815 0.49914236706689535 0.06150061500615006 0.17495711835334476
1 0.5522755227552276 0.17495711835334476 0.07626076260762608 0.15437392795883362
1 0.6491389913899139 0.19039451114922812 0.07564575645756458 0.16123499142367068
1 0.6497539975399754 0.49656946826758147 0.07441574415744158 0.1835334476843911
1 0.647908979089791 0.7967409948542024 0.06211562115621157 0.1595197255574614
1 0.7450799507995081 0.8087478559176672 0.05842558425584256 0.15608919382504288
1 0.7460024600246002 0.5 0.06027060270602706 0.18010291595197256
1 0.746309963099631 0.1843910806174957 0.07318573185731858 0.2006861063464837
1 0.8453259532595326 0.19125214408233276 0.07072570725707257 0.18010291595197256
1 0.8450184501845018 0.5051457975986278 0.07134071340713408 0.19382504288164665
1 0.8490159901599016 0.7933104631217839 0.06334563345633457 0.15265866209262435
1 0.9455719557195572 0.8053173241852487 0.06949569495694957 0.19039451114922812
1 0.954489544895449 0.46826758147512865 0.06642066420664207 0.1783876500857633
1 0.9504920049200493 0.18181818181818182 0.07564575645756458 0.1955403087478559
