1 0.05256723716381418 0.17268041237113402 0.05745721271393643 0.20103092783505155
1 0.15311735941320292 0.1838487972508591 0.06662591687041565 0.2027491408934708
1 0.25244498777506114 0.17353951890034364 0.0647921760391198 0.1924398625429553
1 0.35055012224938875 0.17268041237113402 0.0617359413202934 0.16323024054982818
1 0.44834963325183375 0.18642611683848798 0.0617359413202934 0.19072164948453607
1 0.5464547677261614 0.17268041237113402 0.05867970660146699 0.1563573883161512
1 0.5458435207823961 0.47508591065292094 0.07334963325183375 0.1563573883161512
1 0.45354523227383864 0.4853951890034364 0.05867970660146699 0.19072164948453607
1 0.4507946210268949 0.7912371134020618 0.0776283618581907 0.23195876288659795
1 0.34963325183374083 0.7869415807560137 0.06234718826405868 0.1924398625429553
1 0.35024449877750613 0.48281786941580757 0.0550122249388753 0.17869415807560138
1 0.2530562347188264 0.4896907216494845 0.06601466992665037 0.2027491408934708
1 0.254278728606357 0.7740549828178694 0.04645476772616137 0.13573883161512026
1 0.15036674816625917 0.7912371134020618 0.06845965770171149 0.1872852233676976
1 0.1491442542787286 0.493127147766323 0.0550122249388753 0.18900343642611683
1 0.050733496332518335 0.4853951890034364 0.061124694376528114 0.1838487972508591
0 0.05592909535452323 0.7929553264604811 0.0617359413202934 0.19072164948453607
1 0.5492053789731052 0.7955326460481099 0.06418092909535453 0.17869415807560138
1 0.6460880195599022 0.7757731958762887 0.06356968215158924 0.1872852233676976
1 0.7411369193154034 0.7946735395189003 0.06907090464547677 0.20446735395189003
1 0.8395476772616137 0.7938144329896907 0.06662591687041565 0.18213058419243985
1 0.9400977995110025 0.7912371134020618 0.05990220048899755 0.211340206185567
1 0.6427261613691931 0.18213058419243985 0.06418092909535453 0.18900343642611683
1 0.6427261613691931 0.47164948453608246 0.0678484107579462 0.17353951890034364
1 0.742359413202934 0.49140893470790376 0.06907090464547677 0.18556701030927836
1 0.7417481662591687 0.18470790378006874 0.07029339853300734 0.1872852233676976
1 0.8444376528117359 0.1563573883161512 0.07396088019559902 0.17869415807560138
1 0.8361858190709046 0.4836769759450172 0.07212713936430318 0.20446735395189003
1 0.9349022004889975 0.47594501718213056 0.06540342298288508 0.18900343642611683
1 0.937958435207824 0.17010309278350516 0.06540342298288508 0.18213058419243985
