1 0.049636803874092014 0.19008264462809918 0.053268765133171914 0.18512396694214875
1 0.1528450363196126 0.19090909090909092 0.05750605326876514 0.17355371900826447
1 0.2503026634382567 0.20578512396694215 0.05871670702179177 0.18016528925619835
1 0.34715496368038745 0.2206611570247934 0.0635593220338983 0.16694214876033056
1 0.4461259079903148 0.2165289256198347 0.05447941888619855 0.16198347107438016
1 0.5405569007263923 0.21487603305785125 0.03268765133171913 0.13884297520661157
1 0.638317191283293 0.2140495867768595 0.046610169491525424 0.1537190082644628
1 0.7339588377723971 0.20413223140495868 0.04539951573849879 0.18016528925619835
1 0.8338377723970944 0.2024793388429752 0.0490314769975787 0.16033057851239668
1 0.9331113801452785 0.19256198347107437 0.0490314769975787 0.16694214876033056
1 0.9367433414043584 0.49504132231404957 0.07445520581113801 0.18677685950413223
1 0.8356537530266345 0.4859504132231405 0.06476997578692495 0.18181818181818182
1 0.7360774818401937 0.5 0.06537530266343826 0.19008264462809918
1 0.641041162227603 0.49917355371900823 0.05569007263922519 0.1884297520661157
1 0.5444915254237288 0.5099173553719009 0.051452784503631964 0.1768595041322314
1 0.4446125907990315 0.5107438016528926 0.0526634382566586 0.16859504132231404
1 0.3435230024213075 0.503305785123967 0.061138014527845036 0.18347107438016527
1 0.2515133171912833 0.4933884297520661 0.05871670702179177 0.17355371900826447
1 0.1483050847457627 0.4983471074380165 0.05690072639225182 0.17024793388429751
1 0.050544794188861986 0.49586776859504134 0.0526634382566586 0.20165289256198346
1 0.057203389830508475 0.7917355371900826 0.0635593220338983 0.19504132231404958
1 0.15435835351089588 0.7760330578512397 0.06053268765133172 0.19008264462809918
1 0.24636803874092011 0.7884297520661157 0.059322033898305086 0.1652892561983471
1 0.3544188861985472 0.7801652892561983 0.06476997578692495 0.1586776859504132
1 0.4424939467312349 0.8066115702479338 0.06658595641646489 0.18512396694214875
1 0.5484261501210654 0.7818181818181817 0.06416464891041163 0.18181818181818182
1 0.6449757869249395 0.7975206611570248 0.06476997578692495 0.19669421487603306
1 0.7418280871670703 0.7966942148760331 0.0562953995157385 0.18181818181818182
1 0.8426150121065376 0.775206611570248 0.06053268765133172 0.171900826446281
1 0.938861985472155 0.771900826446281 0.06295399515738499 0.16859504132231404
