1 0.05030674846625767 0.1429872495446266 0.07239263803680981 0.2058287795992714
1 0.05582822085889571 0.47540983606557374 0.0687116564417178 0.22950819672131148
1 0.054601226993865035 0.8051001821493625 0.07116564417177915 0.20400728597449908
1 0.14877300613496933 0.7905282331511839 0.06196319018404908 0.1894353369763206
1 0.1530674846625767 0.4672131147540984 0.06564417177914111 0.19854280510018216
1 0.15153374233128836 0.15027322404371585 0.07484662576687116 0.2204007285974499
1 0.2530674846625767 0.1429872495446266 0.08159509202453988 0.18761384335154827
1 0.25552147239263806 0.4690346083788707 0.06687116564417178 0.19854280510018216
1 0.2524539877300614 0.785063752276867 0.06687116564417178 0.1785063752276867
1 0.3549079754601227 0.7859744990892532 0.07300613496932516 0.2058287795992714
1 0.34969325153374237 0.45719489981785066 0.07239263803680981 0.1785063752276867
1 0.34785276073619636 0.1493624772313297 0.06625766871165645 0.21129326047358835
1 0.4493865030674847 0.13752276867030966 0.07177914110429448 0.1912568306010929
1 0.450920245398773 0.4690346083788707 0.07730061349693251 0.18761384335154827
1 0.44509202453987734 0.7941712204007286 0.06687116564417178 0.18214936247723132
1 0.5469325153374234 0.7859744990892532 0.06073619631901841 0.18397085610200364
1 0.5466257668711657 0.4672131147540984 0.051533742331288344 0.23861566484517305
1 0.542638036809816 0.15300546448087432 0.06687116564417178 0.1894353369763206
1 0.6496932515337424 0.12659380692167577 0.07116564417177915 0.19854280510018216
1 0.6478527607361964 0.4663023679417122 0.06748466257668712 0.1930783242258652
1 0.64079754601227 0.7969034608378871 0.06319018404907976 0.2204007285974499
1 0.7466257668711657 0.7978142076502732 0.07607361963190185 0.2222222222222222
1 0.8441717791411043 0.7914389799635702 0.06993865030674846 0.20947176684881602
1 0.9411042944785276 0.7868852459016393 0.06503067484662577 0.1894353369763206
1 0.9478527607361964 0.470856102003643 0.0687116564417178 0.20947176684881602
1 0.8411042944785276 0.47996357012750457 0.0736196319018405 0.21311475409836064
1 0.749079754601227 0.47540983606557374 0.0736196319018405 0.20400728597449908
1 0.747239263803681 0.15482695810564662 0.0687116564417178 0.18214936247723132
1 0.842638036809816 0.14571948998178508 0.06441717791411043 0.20036429872495445
1 0.9411042944785276 0.14025500910746813 0.06748466257668712 0.2185792349726776
