1 0.046749226006191955 0.1728395061728395 0.060061919504643964 0.21164021164021163
1 0.04520123839009288 0.49118165784832446 0.05572755417956657 0.19223985890652556
1 0.045510835913312696 0.8086419753086419 0.056346749226006194 0.19929453262786595
1 0.1479876160990712 0.8218694885361552 0.0520123839009288 0.21516754850088182
1 0.24705882352941178 0.7927689594356261 0.047058823529411764 0.21340388007054673
1 0.24798761609907122 0.48677248677248675 0.053869969040247684 0.20811287477954143
1 0.1473684210526316 0.48148148148148145 0.04829721362229102 0.1693121693121693
1 0.1476780185758514 0.18606701940035272 0.048916408668730656 0.1781305114638448
1 0.2495356037151703 0.16490299823633156 0.05448916408668731 0.1675485008818342
1 0.3473684210526316 0.17548500881834214 0.05944272445820434 0.20987654320987653
1 0.3442724458204335 0.49559082892416223 0.04953560371517028 0.21869488536155202
1 0.34674922600619196 0.8262786596119929 0.05696594427244582 0.2204585537918871
1 0.4532507739938081 0.7918871252204585 0.06563467492260062 0.20105820105820105
1 0.5442724458204334 0.7945326278659611 0.05696594427244582 0.2204585537918871
1 0.44922600619195047 0.49559082892416223 0.056346749226006194 0.19047619047619047
1 0.4430340557275542 0.1675485008818342 0.05882352941176471 0.17989417989417988
1 0.5489164086687307 0.1710758377425044 0.055108359133126936 0.21869488536155202
1 0.65015479876161 0.17989417989417988 0.0606811145510836 0.18694885361552027
1 0.6455108359133127 0.48853615520282184 0.06501547987616099 0.20811287477954143
1 0.6445820433436533 0.7962962962962963 0.06687306501547988 0.18165784832451498
1 0.7489164086687307 0.7954144620811288 0.053869969040247684 0.1728395061728395
1 0.8476780185758515 0.818342151675485 0.061919504643962855 0.21869488536155202
1 0.945201238390093 0.7918871252204585 0.055108359133126936 0.20105820105820105
1 0.7464396284829722 0.48236331569664903 0.05882352941176471 0.19929453262786595
1 0.8479876160990713 0.49206349206349204 0.06377708978328174 0.19753086419753085
1 0.948297213622291 0.48324514991181655 0.048916408668730656 0.21516754850088182
1 0.9547987616099072 0.18694885361552027 0.05820433436532508 0.20105820105820105
1 0.8513931888544892 0.1710758377425044 0.05696594427244582 0.20458553791887124
1 0.746749226006192 0.1710758377425044 0.05944272445820434 0.20105820105820105
