1 0.05432098765432099 0.20181219110378912 0.0654320987654321 0.18616144975288304
1 0.054629629629629625 0.4843492586490939 0.06481481481481481 0.1581548599670511
1 0.056790123456790124 0.7973640856672158 0.06666666666666667 0.18451400329489293
1 0.15864197530864196 0.8072487644151565 0.0691358024691358 0.23064250411861614
1 0.25308641975308643 0.7907742998352554 0.07530864197530864 0.19439868204283361
1 0.3530864197530864 0.7981878088962109 0.0691358024691358 0.2026359143327842
1 0.45401234567901233 0.7924217462932455 0.06728395061728396 0.1812191103789127
1 0.5496913580246914 0.7915980230642504 0.06851851851851852 0.19604612850082373
1 0.6537037037037037 0.7981878088962109 0.0654320987654321 0.21252059308072488
1 0.7555555555555555 0.7990115321252059 0.06790123456790123 0.19110378912685339
1 0.8496913580246913 0.7990115321252059 0.06111111111111111 0.18780889621087316
1 0.950925925925926 0.8023064250411862 0.059876543209876544 0.19439868204283361
1 0.9515432098765432 0.4942339373970346 0.07098765432098765 0.18451400329489293
1 0.8537037037037036 0.4802306425041186 0.07530864197530864 0.1828665568369028
1 0.7527777777777778 0.5016474464579901 0.06111111111111111 0.17957166392092258
1 0.6527777777777778 0.5 0.06358024691358025 0.19934102141680396
1 0.5509259259259259 0.5024711696869851 0.047530864197530866 0.18451400329489293
1 0.4527777777777778 0.49917627677100496 0.05864197530864197 0.19769357495881384
0 0.35648148148148145 0.5024711696869851 0.07592592592592592 0.21087314662273476
1 0.25092592592592594 0.5 0.05246913580246913 0.1828665568369028
1 0.15462962962962962 0.4827018121911038 0.07098765432098765 0.1416803953871499
1 0.1580246913580247 0.200164744645799 0.0691358024691358 0.19934102141680396
1 0.2552469135802469 0.19110378912685339 0.059876543209876544 0.16474464579901155
1 0.35462962962962963 0.2042833607907743 0.06851851851851852 0.18780889621087316
1 0.45925925925925926 0.19769357495881384 0.06790123456790123 0.1812191103789127
1 0.5515432098765432 0.19192751235584843 0.07716049382716049 0.16309719934102143
1 0.649074074074074 0.1886326194398682 0.06111111111111111 0.17627677100494235
1 0.7472222222222222 0.19934102141680396 0.06604938271604938 0.19769357495881384
1 0.8506172839506173 0.18780889621087316 0.0728395061728395 0.18451400329489293
1 0.9570987654320987 0.19522240527182866 0.06358024691358025 0.1927512355848435
