1 0.06196581196581197 0.20205479452054792 0.06898656898656899 0.20205479452054792
1 0.060744810744810744 0.5188356164383562 0.07509157509157509 0.1952054794520548
1 0.05860805860805861 0.8202054794520548 0.06349206349206349 0.1780821917808219
1 0.15934065934065933 0.8296232876712328 0.05860805860805861 0.1934931506849315
1 0.2561050061050061 0.8030821917808219 0.06898656898656899 0.1815068493150685
1 0.16025641025641027 0.5102739726027397 0.06043956043956044 0.1678082191780822
1 0.16025641025641027 0.2011986301369863 0.06776556776556776 0.1626712328767123
1 0.2603785103785104 0.21061643835616436 0.07753357753357754 0.19863013698630136
1 0.2573260073260073 0.521404109589041 0.0641025641025641 0.17294520547945205
1 0.3531746031746032 0.5145547945205479 0.06288156288156288 0.21061643835616436
1 0.35622710622710624 0.809931506849315 0.061660561660561664 0.18835616438356162
1 0.452991452991453 0.8090753424657534 0.057387057387057384 0.21061643835616436
1 0.5521978021978022 0.8013698630136986 0.05555555555555555 0.1541095890410959
1 0.5567765567765568 0.5136986301369862 0.0757020757020757 0.2089041095890411
1 0.4545177045177045 0.4982876712328767 0.051892551892551896 0.1643835616438356
1 0.35775335775335776 0.20376712328767121 0.07081807081807082 0.1917808219178082
1 0.45695970695970695 0.19863013698630136 0.07264957264957266 0.2089041095890411
1 0.5512820512820513 0.20462328767123286 0.07081807081807082 0.2071917808219178
1 0.6492673992673993 0.19691780821917806 0.07387057387057387 0.18835616438356162
1 0.6526251526251526 0.5102739726027397 0.06837606837606838 0.19863013698630136
1 0.6474358974358975 0.821917808219178 0.07020757020757021 0.1917808219178082
1 0.7536630036630036 0.8047945205479452 0.06898656898656899 0.20205479452054792
1 0.75 0.5111301369863014 0.06776556776556776 0.18664383561643835
1 0.7506105006105006 0.2089041095890411 0.07142857142857142 0.1815068493150685
1 0.8467643467643468 0.20633561643835616 0.06593406593406594 0.22431506849315067
1 0.8443223443223443 0.5188356164383562 0.07081807081807082 0.1780821917808219
1 0.8507326007326007 0.8039383561643835 0.0641025641025641 0.19691780821917806
1 0.9453601953601953 0.8022260273972602 0.07142857142857142 0.20376712328767121
1 0.945054945054945 0.49571917808219174 0.06105006105006105 0.1797945205479452
1 0.9511599511599511 0.2131849315068493 0.06715506715506715 0.18664383561643835
