1 0.05664421310471525 0.21287128712871287 0.07164727495407226 0.21122112211221122
1 0.05848132271892223 0.5156765676567657 0.06919779546846296 0.18976897689768976
1 0.041641151255358236 0.8028052805280528 0.056338028169014086 0.19966996699669967
1 0.1552357624004899 0.8292079207920792 0.065523576240049 0.17986798679867988
1 0.256582976117575 0.8250825082508251 0.0612369871402327 0.16501650165016502
1 0.35272504592774034 0.820957095709571 0.06613594611145132 0.20297029702970298
1 0.449479485609308 0.816006600660066 0.06981016533986528 0.18316831683168316
1 0.5499081445192897 0.8052805280528053 0.06491120636864667 0.19141914191419143
1 0.6491120636864667 0.8028052805280528 0.05388854868340478 0.17326732673267328
1 0.7480097979179424 0.7970297029702971 0.054500918554807105 0.17491749174917492
1 0.8469075321494183 0.8052805280528053 0.06981016533986528 0.19801980198019803
1 0.9482547458665034 0.806930693069307 0.065523576240049 0.18811881188118812
1 0.9412124923453766 0.5024752475247525 0.06736068585425597 0.18646864686468648
1 0.838946723821188 0.5264026402640264 0.05388854868340478 0.17491749174917492
1 0.7431108389467238 0.5181518151815182 0.04837721984078383 0.18481848184818483
1 0.6509491733006736 0.509075907590759 0.06001224739742805 0.17656765676567657
1 0.5502143294549908 0.5239273927392739 0.05695039804041641 0.17326732673267328
1 0.43508879363135333 0.4884488448844885 0.054500918554807105 0.1782178217821782
1 0.34782608695652173 0.5165016501650165 0.056338028169014086 0.16831683168316833
1 0.2544396815676669 0.514026402640264 0.06184935701163503 0.17326732673267328
1 0.1619718309859155 0.5214521452145214 0.05939987752602572 0.16501650165016502
1 0.1524800979791794 0.22772277227722773 0.05756276791181874 0.20462046204620463
1 0.24525413349663197 0.21452145214521454 0.05327617881200245 0.19801980198019803
1 0.3456827924066136 0.21617161716171618 0.054500918554807105 0.1782178217821782
1 0.4519289650949173 0.21204620462046206 0.05756276791181874 0.18646864686468648
1 0.5471524800979792 0.19801980198019803 0.0679730557256583 0.18811881188118812
1 0.6436007348438457 0.20214521452145215 0.0771586037966932 0.18316831683168316
1 0.7446417636252296 0.20874587458745875 0.062461726883037354 0.19966996699669967
1 0.842620943049602 0.1938943894389439 0.06736068585425597 0.17326732673267328
1 0.9390691977954685 0.21617161716171618 0.04715248009797918 0.18481848184818483
