1 0.05803298717165547 0.162748643761302 0.056200366524129505 0.17721518987341772
1 0.05894929749541845 0.49276672694394213 0.05803298717165547 0.17902350813743217
1 0.06200366524129505 0.810126582278481 0.061698228466707396 0.17721518987341772
1 0.15485644471594381 0.810126582278481 0.06291997556505803 0.20614828209764918
1 0.2602321319486866 0.7974683544303797 0.043982895540623096 0.1735985533453888
1 0.3582773365913256 0.7992766726943942 0.056811240073304826 0.16636528028933092
1 0.45571166768478927 0.8092224231464737 0.05375687232742822 0.16817359855334538
1 0.5580329871716555 0.7992766726943942 0.07147220525351253 0.20614828209764918
1 0.646609651802077 0.8001808318264014 0.05436774587660354 0.15009041591320071
1 0.7525962125839951 0.7920433996383364 0.05375687232742822 0.16636528028933092
1 0.8503359804520465 0.7992766726943942 0.06230910201588272 0.17721518987341772
1 0.9456322541233965 0.8047016274864376 0.06597434331093464 0.1735985533453888
1 0.9462431276725718 0.49005424954792043 0.06597434331093464 0.17721518987341772
1 0.8497251069028712 0.488245931283906 0.05742211362248015 0.17721518987341772
1 0.7516799022602322 0.4918625678119349 0.06658521686010996 0.16998191681735986
1 0.6487477092241906 0.49638336347197104 0.05986560781918143 0.20795660036166363
1 0.5580329871716555 0.4755877034358047 0.061698228466707396 0.16636528028933092
1 0.45571166768478927 0.4873417721518987 0.064752596212584 0.1934900542495479
1 0.35308491142333537 0.488245931283906 0.06963958460598656 0.20976491862567812
1 0.2583995113011607 0.4981916817359855 0.064752596212584 0.20072332730560577
1 0.1572999389126451 0.5045207956600362 0.07391569945021381 0.22423146473779385
1 0.1588271227855834 0.17088607594936708 0.0708613317043372 0.21880650994575043
1 0.25412339645693344 0.1717902350813743 0.064752596212584 0.17721518987341772
1 0.3497251069028711 0.16636528028933092 0.06414172266340867 0.19529837251356238
1 0.4547953573610263 0.15551537070524413 0.056811240073304826 0.16998191681735986
1 0.5470372632864997 0.15732368896925858 0.06536346976175932 0.19168173598553345
1 0.6505803298717165 0.1735985533453888 0.06963958460598656 0.15913200723327306
1 0.7492364080635309 0.16998191681735986 0.061698228466707396 0.19891500904159132
1 0.8500305436774588 0.1690777576853526 0.07513744654856445 0.21157323688969257
1 0.9441050702504582 0.17450271247739602 0.053145998778252906 0.18987341772151897
