1 0.04652605459057072 0.18673647469458987 0.06575682382133995 0.16055846422338568
1 0.05397022332506204 0.4694589877835951 0.05583126550868486 0.15706806282722513
1 0.05552109181141439 0.7879581151832461 0.057692307692307696 0.1518324607329843
1 0.15570719602977667 0.7966841186736475 0.052109181141439205 0.18673647469458987
1 0.26147642679900746 0.7844677137870856 0.057692307692307696 0.17975567190226877
1 0.3542183622828784 0.7731239092495638 0.052109181141439205 0.16055846422338568
1 0.4587468982630273 0.7853403141361257 0.056451612903225805 0.13961605584642234
1 0.5533498759305211 0.7975567190226877 0.05086848635235732 0.16404886561954626
1 0.6569478908188585 0.787085514834206 0.05334987593052109 0.18150087260034906
1 0.7531017369727047 0.7809773123909249 0.05707196029776675 0.16230366492146597
1 0.8520471464019851 0.7905759162303665 0.04900744416873449 0.15008726003490402
1 0.9503722084367245 0.7975567190226877 0.05955334987593052 0.17801047120418848
1 0.950682382133995 0.4712041884816754 0.057692307692307696 0.18150087260034906
1 0.8514267990074441 0.47643979057591623 0.04900744416873449 0.1849912739965096
1 0.7577543424317618 0.47731239092495636 0.05272952853598015 0.18673647469458987
1 0.6557071960297767 0.4668411867364747 0.060794044665012405 0.16230366492146597
1 0.5533498759305211 0.47469458987783597 0.052109181141439205 0.18150087260034906
1 0.45595533498759305 0.4712041884816754 0.04962779156327543 0.16404886561954626
1 0.3582506203473945 0.462478184991274 0.056451612903225805 0.16404886561954626
1 0.26023573200992556 0.47382198952879584 0.05397022332506204 0.1518324607329843
1 0.1553970223325062 0.462478184991274 0.05272952853598015 0.15706806282722513
1 0.15043424317617865 0.1806282722513089 0.056451612903225805 0.19022687609075045
1 0.2586848635235732 0.17452006980802792 0.04962779156327543 0.18848167539267016
1 0.35018610421836227 0.18673647469458987 0.057692307692307696 0.20593368237347295
1 0.4531637717121588 0.16143106457242584 0.057692307692307696 0.15532286212914487
1 0.5561414392059554 0.17975567190226877 0.06389578163771713 0.19197207678883071
1 0.6541563275434243 0.15881326352530542 0.05148883374689826 0.16753926701570682
1 0.7537220843672456 0.16666666666666666 0.060794044665012405 0.16579406631762653
1 0.8551488833746899 0.15532286212914487 0.04156327543424317 0.1431064572425829
1 0.9519230769230769 0.15357766143106458 0.05397022332506204 0.15706806282722513
