1 0.04514948139109213 0.17838312829525482 0.051250762660158634 0.16695957820738136
1 0.04942037827943868 0.4929701230228471 0.05857230018303844 0.17398945518453426
1 0.052471018913971934 0.7961335676625658 0.06345332519829164 0.20035149384885764
1 0.150091519219036 0.7996485061511424 0.06467358145210494 0.1968365553602812
1 0.14948139109212935 0.4956063268892794 0.05491153142159853 0.19332161687170474
1 0.15283709579011592 0.164323374340949 0.057962172056131786 0.18101933216168717
1 0.2507626601586333 0.17311072056239016 0.06101281269066504 0.16695957820738136
1 0.2458816351433801 0.4868189806678383 0.051250762660158634 0.18629173989455183
1 0.2528981086028066 0.7987697715289982 0.061622940817571685 0.1915641476274165
1 0.33984136668700426 0.8119507908611598 0.06223306894447834 0.19332161687170474
1 0.4423428920073215 0.804920913884007 0.05735204392922513 0.18980667838312829
1 0.5430140329469189 0.7952548330404218 0.05613178767541183 0.16695957820738136
1 0.6384990848078096 0.7996485061511424 0.059182428309945086 0.18277680140597538
1 0.7403904820012203 0.8005272407732864 0.061622940817571685 0.18101933216168717
1 0.8413666870042709 0.8022847100175746 0.06101281269066504 0.1704745166959578
1 0.936241610738255 0.8040421792618628 0.057962172056131786 0.1634446397188049
1 0.9386821232458816 0.49209138840070293 0.056741915802318486 0.1616871704745167
1 0.8453325198291641 0.49999999999999994 0.0701647345942648 0.20913884007029876
1 0.7370347773032336 0.4859402460456942 0.053691275167785234 0.17750439367311072
1 0.6406345332519829 0.4850615114235501 0.06223306894447834 0.17223198594024602
1 0.5399633923123855 0.49912126537785584 0.06101281269066504 0.18629173989455183
1 0.44508846857840145 0.4876977152899824 0.06406345332519829 0.16695957820738136
1 0.3465527760829774 0.4894551845342706 0.05491153142159853 0.16695957820738136
1 0.34807809640024406 0.1687170474516696 0.05552165954850519 0.1687170474516696
1 0.44905430140329466 0.16520210896309315 0.05979255643685174 0.2038664323374341
1 0.5448444173276388 0.164323374340949 0.04636973764490543 0.14938488576449913
1 0.636058572300183 0.18717047451669594 0.0677242220866382 0.2126537785588752
1 0.7446613788895667 0.19332161687170474 0.059182428309945086 0.18980667838312829
1 0.8340451494813911 0.1704745166959578 0.07565588773642465 0.19332161687170474
1 0.9365466748017083 0.1704745166959578 0.04514948139109213 0.18629173989455183
