1 0.054941682013505216 0.21043771043771042 0.0718232044198895 0.18181818181818182
1 0.05555555555555555 0.5 0.05095150399017802 0.17845117845117844
1 0.060466543891958255 0.8005050505050505 0.05095150399017802 0.1632996632996633
1 0.15377532228360957 0.8038720538720538 0.059545733578882744 0.19023569023569023
1 0.1593001841620626 0.5067340067340067 0.06077348066298342 0.18181818181818182
1 0.15193370165745856 0.20202020202020202 0.07059545733578883 0.1717171717171717
0 0.2605893186003683 0.2222222222222222 0.0669122160834868 0.19528619528619529
1 0.25015346838551256 0.5050505050505051 0.06445672191528544 0.18181818181818182
1 0.2516881522406384 0.7946127946127945 0.06752608962553713 0.18855218855218855
1 0.34745242480049104 0.803030303030303 0.06752608962553713 0.1616161616161616
1 0.3532842234499693 0.49158249158249157 0.06077348066298342 0.20538720538720537
1 0.34868017188459177 0.19612794612794612 0.05893186003683241 0.15993265993265993
1 0.4475138121546961 0.20959595959595959 0.054020871700429705 0.15993265993265993
1 0.4502762430939226 0.4957912457912458 0.05095150399017802 0.1531986531986532
1 0.4551872314303253 0.8063973063973063 0.06568446899938613 0.18181818181818182
1 0.5540208717004297 0.8089225589225589 0.062001227747084095 0.17676767676767677
1 0.5500306936771024 0.5 0.0638428483732351 0.15488215488215487
1 0.5540208717004297 0.2138047138047138 0.07550644567219152 0.1616161616161616
1 0.6479435236341313 0.21464646464646464 0.07305095150399017 0.17676767676767677
1 0.652854511970534 0.49326599326599324 0.06568446899938613 0.16498316498316498
1 0.6500920810313074 0.8005050505050505 0.05893186003683241 0.18686868686868685
1 0.749232658072437 0.7962962962962963 0.05709023941068139 0.18855218855218855
1 0.8422344996930632 0.8089225589225589 0.057704112952731736 0.19696969696969696
1 0.9465930018416205 0.7988215488215488 0.07612031921424187 0.19023569023569023
1 0.9468999386126458 0.4789562289562289 0.059545733578882744 0.14983164983164982
1 0.8477593615715162 0.5050505050505051 0.06629834254143646 0.16498316498316498
1 0.7476979742173112 0.5008417508417509 0.05647636586863106 0.18013468013468012
1 0.7470841006752609 0.22895622895622894 0.06998158379373848 0.19528619528619529
1 0.8428483732351135 0.20875420875420875 0.05893186003683241 0.18181818181818182
1 0.9404542664211172 0.19023569023569023 0.051565377532228354 0.17508417508417506
