0 0.08110516934046347 0.16982758620689656 0.06001188354129531 0.15689655172413794
0 0.17349970291146763 0.18189655172413793 0.07367795603089722 0.20172413793103447
0 0.26945929887106357 0.1706896551724138 0.06120023767082591 0.14482758620689656
0 0.36363636363636365 0.16896551724137931 0.05228758169934641 0.16206896551724137
0 0.4634581105169341 0.16206896551724137 0.06654783125371361 0.1793103448275862
0 0.566250742721331 0.18448275862068966 0.06417112299465241 0.18275862068965518
0 0.6559714795008913 0.1853448275862069 0.06535947712418301 0.17413793103448275
0 0.7551990493166965 0.1793103448275862 0.04872251931075461 0.15517241379310345
0 0.8541295306001189 0.16379310344827586 0.0754604872251931 0.20344827586206896
0 0.9518716577540107 0.1646551724137931 0.07011289364230541 0.19827586206896552
0 0.9494949494949495 0.47758620689655173 0.05585264408793821 0.15517241379310345
0 0.9548425430778372 0.7974137931034483 0.06179441473559121 0.19482758620689655
0 0.8520499108734403 0.7879310344827586 0.06179441473559121 0.1724137931034483
0 0.8502673796791445 0.4939655172413793 0.07248960190136661 0.19827586206896552
0 0.7551990493166965 0.4818965517241379 0.058229352346999406 0.17413793103448275
0 0.7551990493166965 0.7879310344827586 0.06417112299465241 0.1724137931034483
0 0.6521093285799169 0.7974137931034483 0.06833036244800951 0.21551724137931033
0 0.6547831253713607 0.49310344827586206 0.05109922756981581 0.2
0 0.5626856803327392 0.4862068965517241 0.07248960190136661 0.19310344827586207
0 0.5567439096850861 0.7862068965517242 0.07367795603089722 0.19310344827586207
0 0.4625668449197861 0.7853448275862069 0.06357694592988711 0.20517241379310344
0 0.4676173499702912 0.48879310344827587 0.06654783125371361 0.20172413793103447
0 0.3710635769459299 0.46293103448275863 0.06238859180035651 0.1706896551724138
0 0.36185383244206776 0.7922413793103448 0.06298276886512182 0.21551724137931033
0 0.2718360071301248 0.4698275862068965 0.06238859180035651 0.1810344827586207
0 0.27153891859774215 0.7896551724137931 0.06298276886512182 0.2
0 0.173202614379085 0.48017241379310344 0.07308377896613191 0.19137931034482758
0 0.17498514557338088 0.7879310344827586 0.07664884135472372 0.21379310344827585
0 0.07694592988710636 0.47758620689655173 0.05525846702317291 0.16551724137931034
0 0.07754010695187166 0.7974137931034483 0.07308377896613191 0.20862068965517241
