0 0.050613496932515344 0.10463483146067415 0.047239263803680986 0.12780898876404495
0 0.15092024539877302 0.10042134831460674 0.060122699386503074 0.1446629213483146
0 0.25153374233128833 0.10674157303370786 0.05644171779141104 0.16292134831460675
0 0.34969325153374237 0.11095505617977527 0.06625766871165645 0.16853932584269662
0 0.44693251533742334 0.11095505617977527 0.052147239263803685 0.16573033707865167
0 0.5487730061349694 0.1172752808988764 0.06564417177914111 0.15589887640449437
0 0.6567484662576687 0.10112359550561797 0.06319018404907976 0.15168539325842695
0 0.739877300613497 0.09410112359550561 0.06134969325153375 0.15168539325842695
0 0.8460122699386503 0.10603932584269662 0.06993865030674846 0.16151685393258428
0 0.9493865030674847 0.10603932584269662 0.05950920245398773 0.15870786516853932
0 0.05122699386503068 0.35814606741573035 0.06441717791411043 0.15730337078651685
0 0.14785276073619633 0.3574438202247191 0.05521472392638037 0.17275280898876405
0 0.25122699386503067 0.363061797752809 0.05950920245398773 0.15308988764044942
0 0.3484662576687117 0.36235955056179775 0.0638036809815951 0.16573033707865167
0 0.44294478527607367 0.3560393258426966 0.060122699386503074 0.17275280898876405
0 0.5515337423312884 0.3651685393258427 0.05644171779141104 0.16292134831460675
0 0.6484662576687117 0.3693820224719101 0.049079754601226995 0.1544943820224719
0 0.7512269938650307 0.3616573033707865 0.06319018404907976 0.17837078651685392
0 0.8490797546012271 0.34901685393258425 0.06503067484662577 0.15589887640449437
0 0.9500000000000001 0.35814606741573035 0.05337423312883436 0.16292134831460675
0 0.9539877300613497 0.610252808988764 0.0687116564417178 0.1643258426966292
0 0.8481595092024541 0.6025280898876404 0.06564417177914111 0.16853932584269662
0 0.9460122699386504 0.8714887640449438 0.05030674846625767 0.14747191011235955
0 0.8490797546012271 0.8658707865168539 0.06503067484662577 0.17275280898876405
0 0.7536809815950921 0.8525280898876404 0.05582822085889571 0.1544943820224719
0 0.7460122699386503 0.6109550561797753 0.06993865030674846 0.1741573033707865
0 0.651840490797546 0.6116573033707865 0.07177914110429448 0.16151685393258428
0 0.652760736196319 0.8433988764044944 0.05276073619631902 0.14185393258426965
0 0.5515337423312884 0.8469101123595505 0.05521472392638037 0.1404494382022472
0 0.545398773006135 0.6081460674157303 0.06503067484662577 0.16853932584269662
0 0.44877300613496934 0.8441011235955056 0.06196319018404908 0.1348314606741573
0 0.3450920245398773 0.6116573033707865 0.05337423312883436 0.1643258426966292
0 0.35061349693251537 0.8672752808988764 0.05582822085889571 0.16713483146067415
0 0.24877300613496933 0.610252808988764 0.05828220858895706 0.16151685393258428
0 0.2524539877300614 0.8637640449438202 0.06073619631901841 0.16292134831460675
0 0.14570552147239266 0.6151685393258427 0.06809815950920246 0.1544943820224719
0 0.148159509202454 0.8539325842696629 0.06687116564417178 0.16853932584269662
0 0.04386503067484663 0.6025280898876404 0.06196319018404908 0.17134831460674158
0 0.05828220858895706 0.8567415730337078 0.04294478527607362 0.1348314606741573
