0 0.04292773316862261 0.14954128440366973 0.06856084002470661 0.22568807339449543
0 0.14700432365657815 0.15321100917431194 0.054354539839407044 0.2036697247706422
0 0.24644842495367514 0.1651376146788991 0.07411982705373688 0.1871559633027523
0 0.3455836936380482 0.14128440366972478 0.05744286596664608 0.2018348623853211
0 0.4490426189005559 0.15137614678899083 0.06300185299567634 0.1963302752293578
0 0.5494132180358247 0.14587155963302753 0.06238418777022854 0.23669724770642203
0 0.6519456454601606 0.14587155963302753 0.06114885731933293 0.1963302752293578
0 0.7461395923409513 0.16972477064220184 0.06917850525015443 0.1889908256880734
0 0.8514515132798024 0.15688073394495414 0.06361951822112416 0.20733944954128442
0 0.958616429894997 0.13669724770642203 0.06300185299567634 0.25137614678899084
0 0.9533662754786906 0.48440366972477067 0.05744286596664608 0.22018348623853212
0 0.9512044471896233 0.8073394495412844 0.0592958616429895 0.21651376146788992
0 0.8523780111179741 0.8055045871559634 0.055589870290302656 0.23119266055045873
0 0.849598517603459 0.48348623853211015 0.06856084002470661 0.1926605504587156
0 0.7510809141445337 0.4954128440366973 0.07041383570105003 0.20917431192660552
0 0.753242742433601 0.8073394495412844 0.07226683137739345 0.23486238532110093
0 0.6494749845583694 0.48715596330275235 0.045089561457689935 0.1926605504587156
0 0.6497838171710933 0.8110091743119267 0.06053119209388512 0.20917431192660552
0 0.5487955528103768 0.7889908256880734 0.067325509573811 0.21284403669724772
0 0.5531192093885114 0.4669724770642202 0.07226683137739345 0.23302752293577983
0 0.45305744286596666 0.47155963302752296 0.04879555281037678 0.1834862385321101
0 0.4394688079061149 0.8036697247706422 0.05991352686843731 0.2018348623853211
0 0.34712785670166774 0.481651376146789 0.06053119209388512 0.22201834862385322
0 0.34681902408894383 0.7990825688073395 0.067325509573811 0.20733944954128442
0 0.24336009882643608 0.4779816513761468 0.055589870290302656 0.1926605504587156
0 0.24953675108091417 0.8247706422018349 0.07164916615194565 0.21100917431192662
0 0.1432983323038913 0.47889908256880737 0.06176652254478073 0.21651376146788992
0 0.15009264978381717 0.8192660550458716 0.06423718344657196 0.2036697247706422
0 0.03922174181593577 0.48256880733944957 0.067325509573811 0.20917431192660552
0 0.0420012353304509 0.7990825688073395 0.06423718344657196 0.1669724770642202
