0 0.054836722119531736 0.1391941391941392 0.0529882932840419 0.1684981684981685
0 0.1472581638940234 0.14194139194139194 0.05545286506469501 0.184981684981685
0 0.2526186075169439 0.13553113553113552 0.0640788662969809 0.19413919413919414
0 0.35335797905113986 0.14285714285714285 0.06592729513247074 0.20512820512820512
0 0.45409735058533585 0.14194139194139194 0.07393715341959335 0.22893772893772893
0 0.5523721503388787 0.14102564102564102 0.06099815157116451 0.19413919413919414
0 0.6475662353666051 0.11446886446886446 0.06038200862600124 0.163003663003663
0 0.7504621072088725 0.1401098901098901 0.054220579174368455 0.163003663003663
0 0.8548983364140481 0.13553113553113552 0.05976586568083796 0.20512820512820512
0 0.9571780653111522 0.1336996336996337 0.0585335797905114 0.18681318681318682
0 0.9500924214417745 0.4734432234432234 0.05052372150338879 0.19597069597069597
0 0.9482439926062847 0.7893772893772893 0.07393715341959335 0.24175824175824176
0 0.8518176216882317 0.7893772893772893 0.04867529266789895 0.14652014652014653
0 0.8527418361059766 0.4661172161172161 0.051756007393715345 0.17399267399267399
0 0.7581638940234134 0.46886446886446886 0.07085643869377696 0.21611721611721613
0 0.7566235366605053 0.8012820512820513 0.06900800985828713 0.21062271062271062
0 0.6509550215650031 0.4816849816849817 0.06715958102279729 0.2271062271062271
0 0.6512630930375848 0.7948717948717948 0.06161429451632779 0.20146520146520147
0 0.5502156500308072 0.4597069597069597 0.07270486752926679 0.23076923076923078
0 0.5437461491065928 0.8031135531135531 0.05976586568083796 0.2032967032967033
0 0.44793592113370306 0.8067765567765568 0.0640788662969809 0.2032967032967033
0 0.44547134935304994 0.46703296703296704 0.06654343807763402 0.22344322344322345
0 0.3536660505237215 0.4532967032967033 0.046826863832409124 0.17399267399267399
0 0.34904497843499693 0.793040293040293 0.06469500924214418 0.21245421245421245
0 0.24799753542821937 0.43864468864468864 0.04374614910659273 0.152014652014652
0 0.25107825015403573 0.7921245421245421 0.054836722119531736 0.19230769230769232
0 0.1367837338262477 0.7692307692307693 0.06038200862600124 0.18681318681318682
0 0.14972273567467653 0.44963369963369965 0.04805914972273568 0.15934065934065933
0 0.04836722119531731 0.45604395604395603 0.05360443622920518 0.14652014652014653
0 0.04497843499691929 0.7994505494505495 0.06038200862600124 0.20695970695970695
