0 0.07570317175344105 0.1453382084095064 0.06283662477558348 0.24680073126142596
0 0.1765409934171155 0.1563071297989031 0.06343506882106523 0.21023765996343693
0 0.27019748653500897 0.1563071297989031 0.061639736684619986 0.21755027422303475
0 0.37402752842609216 0.15356489945155394 0.05505685218432076 0.21206581352833637
0 0.466786355475763 0.15539305301645337 0.05146618791143028 0.18647166361974407
0 0.5685218432076601 0.1416819012797075 0.05505685218432076 0.1773308957952468
0 0.6576900059844404 0.09780621572212066 0.06582884500299221 0.13345521023765997
0 0.7555356074207061 0.15356489945155394 0.06403351286654697 0.2340036563071298
0 0.8569718731298623 0.1526508226691042 0.059844404548174746 0.22120658135283364
0 0.9569120287253141 0.170018281535649 0.05745062836624776 0.20840950639853748
0 0.9611011370436864 0.4936014625228519 0.06343506882106523 0.2230347349177331
0 0.9608019150209455 0.7851919561243145 0.06642728904847396 0.1663619744058501
0 0.862357869539198 0.4826325411334552 0.05385996409335727 0.20475319926873858
0 0.8635547576301615 0.8043875685557587 0.05864751645721125 0.21572212065813529
0 0.7567324955116697 0.819926873857404 0.06642728904847396 0.2687385740402194
0 0.7552363853979652 0.4945155393053016 0.0682226211849192 0.20292504570383912
0 0.66098144823459 0.4853747714808044 0.049670855774985034 0.22120658135283364
0 0.6546977857570317 0.8089579524680073 0.05146618791143028 0.21389396709323583
0 0.5586475164572112 0.8080438756855576 0.05565529622980251 0.21572212065813529
0 0.5643327348892878 0.4680073126142596 0.05146618791143028 0.17550274223034734
0 0.46409335727109513 0.4670932358318099 0.059245960502693 0.20658135283363802
0 0.46529024536205865 0.8171846435100548 0.06283662477558348 0.19744058500914077
0 0.37073608617594256 0.7989031078610603 0.04847396768402154 0.19744058500914077
0 0.36834230999401557 0.4835466179159049 0.06283662477558348 0.20292504570383912
0 0.2698982645122681 0.47989031078610606 0.04907241172950329 0.1882998171846435
0 0.2764811490125673 0.8062157221206582 0.05505685218432076 0.20109689213893966
0 0.1720526630760024 0.8153564899451554 0.06403351286654697 0.2303473491773309
0 0.17025733093955714 0.45429616087751373 0.07241172950329144 0.1992687385740402
0 0.07271095152603231 0.473491773308958 0.059245960502693 0.19012797074954296
0 0.07809694793536805 0.8043875685557587 0.06642728904847396 0.2522851919561243
