0 0.06498194945848376 0.16304347826086957 0.06377858002406739 0.1956521739130435
0 0.1585439229843562 0.1693840579710145 0.055956678700361015 0.21557971014492755
0 0.25782190132370636 0.15760869565217392 0.048736462093862815 0.19927536231884058
0 0.35499398315282793 0.17119565217391305 0.06137184115523466 0.20833333333333334
0 0.4557761732851986 0.17391304347826086 0.05836341756919374 0.213768115942029
0 0.5514440433212997 0.16485507246376813 0.05354993983152828 0.17753623188405798
0 0.6543321299638989 0.16032608695652173 0.06678700361010831 0.21195652173913043
0 0.7545126353790614 0.16757246376811594 0.07220216606498195 0.21557971014492755
0 0.8525872442839952 0.161231884057971 0.06498194945848376 0.19927536231884058
0 0.9467509025270758 0.15579710144927536 0.0631768953068592 0.18840579710144928
0 0.9485559566787004 0.4746376811594203 0.06919374247894104 0.20652173913043478
0 0.9551744885679904 0.802536231884058 0.047533092659446455 0.16666666666666666
0 0.8474729241877257 0.7871376811594203 0.05836341756919374 0.1793478260869565
0 0.848375451263538 0.47554347826086957 0.05535499398315283 0.19021739130434784
0 0.7506016847172082 0.46105072463768115 0.06678700361010831 0.1793478260869565
0 0.7484957882069796 0.7952898550724637 0.06738868832731648 0.1847826086956522
0 0.6549338146811071 0.48278985507246375 0.0703971119133574 0.20108695652173914
0 0.6540312876052948 0.7907608695652174 0.05415162454873646 0.15760869565217392
0 0.5565583634175693 0.4782608695652174 0.05054151624548737 0.19202898550724637
0 0.5574608904933814 0.8106884057971014 0.06558363417569193 0.18659420289855072
0 0.4602888086642599 0.45471014492753625 0.06979542719614922 0.17028985507246377
0 0.45336943441636585 0.7989130434782609 0.06558363417569193 0.20652173913043478
0 0.3601083032490975 0.48278985507246375 0.0740072202166065 0.22282608695652173
0 0.36101083032490977 0.792572463768116 0.05776173285198556 0.161231884057971
0 0.2620336943441637 0.4746376811594203 0.05475330926594465 0.19202898550724637
0 0.25872442839951865 0.7916666666666666 0.06498194945848376 0.15942028985507248
0 0.16395908543922985 0.4855072463768116 0.060770156438026475 0.18840579710144928
0 0.15914560770156438 0.792572463768116 0.0776173285198556 0.17572463768115942
0 0.06678700361010831 0.4773550724637681 0.060168471720818295 0.17210144927536233
0 0.06558363417569193 0.8197463768115942 0.06377858002406739 0.21557971014492755
