0 0.06106408706166868 0.12387791741472173 0.06771463119709795 0.16157989228007183
0 0.051390568319226115 0.4784560143626571 0.0592503022974607 0.2064631956912029
0 0.05894800483675937 0.8052064631956912 0.062273276904474 0.21723518850987433
0 0.16142684401451027 0.7989228007181329 0.0652962515114873 0.19748653500897667
0 0.16324062877871826 0.4892280071813286 0.06408706166868199 0.21005385996409337
0 0.1605199516324063 0.1319569120287253 0.06711003627569528 0.19210053859964094
0 0.25876662636033854 0.14721723518850988 0.0773881499395405 0.20466786355475763
0 0.25604594921402657 0.47217235188509876 0.06590084643288996 0.19748653500897667
0 0.25755743651753327 0.8016157989228008 0.06408706166868199 0.18491921005385997
0 0.3558041112454655 0.8061041292639138 0.07557436517533252 0.2118491921005386
0 0.3576178960096735 0.47576301615798927 0.05380894800483676 0.2118491921005386
0 0.3576178960096735 0.15888689407540396 0.05743651753325272 0.23877917414721725
0 0.45435308343409914 0.16786355475763018 0.05743651753325272 0.21364452423698385
0 0.4540507859733978 0.48025134649910234 0.04836759371221282 0.18491921005385997
0 0.45556227327690446 0.7971274685816876 0.06106408706166868 0.17235188509874327
0 0.5538089480048367 0.8025134649910234 0.07496977025392987 0.2190305206463196
0 0.654776299879081 0.7944344703770198 0.07496977025392987 0.19569120287253142
0 0.5532043530834341 0.4775583482944345 0.06166868198307134 0.1436265709156194
0 0.5556227327690447 0.15439856373429084 0.06892382103990326 0.2154398563734291
0 0.652962515114873 0.15888689407540396 0.07859733978234583 0.2028725314183124
0 0.6505441354292624 0.4775583482944345 0.06650544135429262 0.17594254937163376
0 0.7521160822249092 0.15080789946140036 0.0592503022974607 0.1903052064631957
0 0.7521160822249092 0.4820466786355476 0.07496977025392987 0.1992818671454219
0 0.7487908101571946 0.796229802513465 0.06952841596130592 0.2064631956912029
0 0.8518742442563482 0.7764811490125674 0.08101571946795647 0.1992818671454219
0 0.9543530834340991 0.7836624775583483 0.06469165659008463 0.19210053859964094
0 0.9458887545344619 0.4658886894075404 0.05259975816203143 0.1561938958707361
0 0.8494558645707375 0.4775583482944345 0.07376058041112454 0.1903052064631957
0 0.8509673518742442 0.1310592459605027 0.06711003627569528 0.1687612208258528
0 0.9504232164449818 0.15080789946140036 0.053204353083434096 0.1651705565529623
