0 0.04314090626939789 0.14471243042671614 0.04779639975170701 0.17810760667903525
0 0.14028553693358162 0.150278293135436 0.05834885164494103 0.20408163265306123
0 0.2436374922408442 0.15584415584415584 0.058969584109248914 0.2189239332096475
0 0.34016139044072 0.14749536178107606 0.06083178150217256 0.20222634508348794
0 0.4419615145872129 0.15306122448979592 0.06207324643078833 0.22448979591836735
0 0.5527622594661701 0.12894248608534323 0.07262569832402234 0.19109461966604824
0 0.6499068901303539 0.15306122448979592 0.0633147113594041 0.22077922077922077
0 0.750155183116077 0.12894248608534323 0.05772811918063315 0.17625231910946196
0 0.9509621353196772 0.13172541743970315 0.055865921787709494 0.20408163265306123
0 0.951582867783985 0.46567717996289426 0.055865921787709494 0.2300556586270872
0 0.9500310366232154 0.8070500927643784 0.06021104903786468 0.2189239332096475
0 0.8497827436374923 0.8144712430426716 0.05338299193047796 0.2189239332096475
0 0.8469894475481068 0.48330241187384043 0.06393544382371198 0.23191094619666047
0 0.7467411545623837 0.48515769944341375 0.0595903165735568 0.22448979591836735
0 0.7473618870266915 0.8051948051948052 0.055865921787709494 0.20408163265306123
0 0.6517690875232774 0.46938775510204084 0.05090006207324643 0.1743970315398887
0 0.6502172563625077 0.8061224489795918 0.061452513966480445 0.22448979591836735
0 0.5493482309124768 0.7996289424860854 0.06828057107386716 0.2077922077922078
0 0.548106765983861 0.4684601113172542 0.07076350093109869 0.22077922077922077
0 0.4441340782122905 0.4675324675324675 0.06269397889509622 0.20408163265306123
0 0.4450651769087523 0.8051948051948052 0.05834885164494103 0.2189239332096475
0 0.34264432029795155 0.47217068645640076 0.0633147113594041 0.20222634508348794
0 0.34512725015518314 0.8107606679035251 0.06083178150217256 0.23376623376623376
0 0.23556797020484171 0.4795918367346939 0.06393544382371198 0.23191094619666047
0 0.24549968963376784 0.7968460111317255 0.06517690875232775 0.21706864564007422
0 0.14028553693358162 0.7940630797773655 0.0633147113594041 0.19294990723562153
0 0.1424581005586592 0.4888682745825603 0.05772811918063315 0.21706864564007422
0 0.04158907510862818 0.4805194805194805 0.06083178150217256 0.2189239332096475
0 0.04407200496585972 0.7903525046382189 0.05090006207324643 0.20037105751391465
