0 0.05238970588235294 0.18612521150592215 0.05330882352941176 0.155668358714044
0 0.05177696078431372 0.49153976311336717 0.05698529411764706 0.16074450084602368
0 0.04932598039215686 0.8045685279187818 0.06801470588235294 0.19458544839255498
0 0.1556372549019608 0.8028764805414551 0.049019607843137254 0.19120135363790186
0 0.2506127450980392 0.8020304568527918 0.07352941176470588 0.19289340101522842
0 0.35355392156862747 0.7944162436548223 0.06740196078431372 0.2081218274111675
0 0.4430147058823529 0.7978003384094754 0.07720588235294118 0.20135363790186125
0 0.5441176470588235 0.7927241962774958 0.051470588235294115 0.19458544839255498
0 0.7417279411764706 0.7876480541455161 0.06066176470588235 0.18104906937394247
0 0.8400735294117647 0.7952622673434856 0.06004901960784314 0.16243654822335024
0 0.9359681372549019 0.7961082910321489 0.06801470588235294 0.21150592216582065
0 0.9420955882352942 0.4873096446700507 0.05330882352941176 0.18612521150592215
0 0.8391544117647058 0.4949238578680203 0.0545343137254902 0.1878172588832487
0 0.742953431372549 0.49576988155668356 0.06311274509803921 0.20304568527918782
0 0.6488970588235294 0.48646362098138746 0.058823529411764705 0.17089678510998307
0 0.5404411764705882 0.5 0.061274509803921566 0.1979695431472081
0 0.4476102941176471 0.48815566835871405 0.06801470588235294 0.17766497461928935
0 0.34957107843137253 0.4890016920473773 0.0704656862745098 0.20642978003384094
0 0.2545955882352941 0.48815566835871405 0.06924019607843138 0.1979695431472081
0 0.15471813725490197 0.4763113367174281 0.05698529411764706 0.17766497461928935
0 0.15012254901960784 0.19458544839255498 0.06985294117647059 0.1895093062605753
0 0.24816176470588236 0.19627749576988154 0.058823529411764705 0.19289340101522842
0 0.34375 0.1878172588832487 0.05514705882352941 0.1793570219966159
0 0.4427083333333333 0.18612521150592215 0.06801470588235294 0.21658206429780033
0 0.5431985294117647 0.188663282571912 0.06678921568627451 0.1844331641285956
0 0.6415441176470588 0.18274111675126903 0.06740196078431372 0.1996615905245347
0 0.7447916666666666 0.1751269035532995 0.07169117647058823 0.1742808798646362
0 0.8477328431372549 0.16666666666666666 0.05698529411764706 0.15736040609137056
0 0.9439338235294118 0.17766497461928935 0.061887254901960786 0.19289340101522842
