0 0.05749235474006116 0.1555360281195079 0.06850152905198777 0.20210896309314585
0 0.1584097859327217 0.156414762741652 0.05137614678899082 0.15114235500878734
0 0.26085626911314985 0.1634446397188049 0.06299694189602446 0.21089630931458697
0 0.3458715596330275 0.15114235500878734 0.0654434250764526 0.22144112478031633
0 0.4577981651376147 0.13708260105448153 0.05810397553516819 0.19332161687170474
0 0.5532110091743119 0.1546572934973638 0.07400611620795107 0.21089630931458697
0 0.6529051987767583 0.1695957820738137 0.05321100917431192 0.18101933216168717
0 0.7596330275229357 0.15377855887521968 0.06483180428134556 0.2056239015817223
0 0.854434250764526 0.1625659050966608 0.06605504587155962 0.20210896309314585
0 0.9562691131498471 0.14586994727592267 0.06177370030581039 0.19332161687170474
0 0.9541284403669724 0.45694200351493847 0.05993883792048929 0.15817223198594024
0 0.85565749235474 0.4648506151142355 0.0672782874617737 0.2056239015817223
0 0.855045871559633 0.7864674868189806 0.05382262996941896 0.18101933216168717
0 0.9581039755351681 0.781195079086116 0.06177370030581039 0.18101933216168717
0 0.7529051987767583 0.46309314586994726 0.05382262996941896 0.17750439367311072
0 0.754434250764526 0.7724077328646748 0.05565749235474006 0.18101933216168717
0 0.6571865443425076 0.7838312829525483 0.05198776758409786 0.14762741652021089
0 0.6584097859327217 0.4753954305799648 0.0654434250764526 0.19507908611599295
0 0.5544342507645259 0.44727592267135324 0.05321100917431192 0.19507908611599295
0 0.5535168195718654 0.7750439367311072 0.04770642201834862 0.16520210896309315
0 0.4519877675840978 0.4595782073813708 0.04525993883792049 0.1704745166959578
0 0.4553516819571865 0.7943760984182776 0.06666666666666667 0.2038664323374341
0 0.363914373088685 0.7961335676625658 0.058715596330275226 0.18980667838312829
0 0.3568807339449541 0.4674868189806678 0.05932721712538226 0.21792618629173988
0 0.2599388379204893 0.453427065026362 0.05382262996941896 0.1546572934973638
0 0.25535168195718655 0.78207381370826 0.0654434250764526 0.1968365553602812
0 0.15596330275229356 0.4683655536028119 0.05626911314984709 0.18453427065026362
0 0.1562691131498471 0.7864674868189806 0.05810397553516819 0.16695957820738136
0 0.05351681957186544 0.4595782073813708 0.05321100917431192 0.18101933216168717
0 0.056880733944954125 0.789103690685413 0.06483180428134556 0.1968365553602812
