0 0.0661006670709521 0.14864864864864866 0.07640994542146756 0.1927927927927928
0 0.06579745300181929 0.47927927927927927 0.07095209217707701 0.19099099099099098
0 0.06761673741661613 0.7954954954954955 0.07580351728320195 0.21081081081081082
0 0.164038811400849 0.8117117117117117 0.07095209217707701 0.21441441441441442
0 0.16312916919345058 0.47297297297297297 0.07277137659187387 0.2
0 0.16494845360824742 0.17117117117117117 0.061855670103092786 0.16576576576576577
0 0.26379624014554276 0.16486486486486487 0.07762280169799879 0.1891891891891892
0 0.2562158884172226 0.4864864864864865 0.06124924196482717 0.1873873873873874
0 0.2616737416616131 0.7846846846846847 0.0818677986658581 0.2036036036036036
0 0.36082474226804123 0.8036036036036036 0.0703456640388114 0.19099099099099098
0 0.4630078835657975 0.8189189189189189 0.06367495451788963 0.2
0 0.5582171012734991 0.8036036036036036 0.07459066100667071 0.23063063063063063
0 0.6597938144329897 0.7855855855855856 0.08247422680412371 0.209009009009009
0 0.36143117040630685 0.4846846846846847 0.0667070952092177 0.21981981981981982
0 0.4572468162522741 0.4846846846846847 0.06064281382656155 0.2126126126126126
0 0.3629472407519709 0.16126126126126125 0.07095209217707701 0.2036036036036036
0 0.45603395997574286 0.16666666666666666 0.0667070952092177 0.23243243243243245
0 0.5639781685870224 0.16306306306306306 0.07277137659187387 0.22162162162162163
0 0.6573681018799272 0.15585585585585585 0.06306852637962401 0.21081081081081082
0 0.5563978168587023 0.4846846846846847 0.06124924196482717 0.1873873873873874
0 0.6564584596725288 0.48018018018018016 0.05761067313523348 0.18198198198198198
0 0.7631898120072772 0.7774774774774775 0.07580351728320195 0.1783783783783784
0 0.8587022437841116 0.7963963963963964 0.06306852637962401 0.2018018018018018
0 0.9533050333535477 0.7792792792792793 0.07640994542146756 0.21441441441441442
0 0.7577319587628866 0.4657657657657658 0.06488781079442087 0.218018018018018
0 0.8559733171619164 0.46126126126126127 0.0661006670709521 0.17297297297297298
0 0.9523953911461492 0.4702702702702703 0.06124924196482717 0.16216216216216217
0 0.9581564584596726 0.16216216216216217 0.059429957550030325 0.1837837837837838
0 0.8571861734384476 0.15585585585585585 0.0782292298362644 0.21081081081081082
0 0.7550030321406913 0.15945945945945947 0.061855670103092786 0.2036036036036036
