0 0.06355421686746988 0.15060240963855423 0.057228915662650606 0.1738382099827883
0 0.16084337349397593 0.14199655765920827 0.055421686746987955 0.11531841652323581
0 0.26867469879518074 0.15834767641996558 0.06746987951807229 0.17211703958691912
0 0.3599397590361446 0.14629948364888123 0.05963855421686747 0.14457831325301204
0 0.458132530120482 0.20051635111876076 0.057228915662650606 0.12908777969018934
0 0.5548192771084338 0.1566265060240964 0.05662650602409639 0.16867469879518074
0 0.652710843373494 0.14543889845094665 0.07409638554216869 0.20137693631669537
0 0.7433734939759037 0.14027538726333907 0.054216867469879526 0.153184165232358
0 0.849698795180723 0.14543889845094665 0.07650602409638554 0.18072289156626506
0 0.949698795180723 0.13855421686746988 0.07168674698795181 0.18072289156626506
0 0.9527108433734941 0.45524956970740105 0.06927710843373494 0.19104991394148021
0 0.9460843373493977 0.7624784853700517 0.057228915662650606 0.18244406196213425
0 0.8451807228915663 0.7581755593803787 0.06506024096385543 0.18416523235800344
0 0.843975903614458 0.459552495697074 0.05903614457831326 0.16867469879518074
0 0.7530120481927711 0.45524956970740105 0.0783132530120482 0.21514629948364888
0 0.7448795180722892 0.7676419965576592 0.05843373493975904 0.18244406196213425
0 0.6542168674698796 0.7667814113597247 0.06867469879518073 0.1944922547332186
0 0.6539156626506024 0.45869191049913943 0.06566265060240964 0.1944922547332186
0 0.5539156626506024 0.45611015490533563 0.06084337349397591 0.17211703958691912
0 0.5515060240963856 0.7650602409638555 0.06445783132530121 0.17728055077452667
0 0.45301204819277113 0.7401032702237522 0.06746987951807229 0.16523235800344235
0 0.4620481927710844 0.4440619621342513 0.06987951807228916 0.15834767641996558
0 0.3587349397590362 0.4423407917383821 0.07891566265060242 0.18244406196213425
0 0.3539156626506024 0.7573149741824441 0.06566265060240964 0.18932874354561102
0 0.26174698795180723 0.7495697074010327 0.06566265060240964 0.153184165232358
0 0.25542168674698795 0.4629948364888124 0.06746987951807229 0.2099827882960413
0 0.16144578313253014 0.4621342512908778 0.0746987951807229 0.18072289156626506
0 0.16325301204819279 0.7530120481927711 0.06385542168674699 0.17728055077452667
0 0.06355421686746988 0.7616179001721171 0.062048192771084344 0.1394148020654045
0 0.06506024096385543 0.47074010327022375 0.06024096385542169 0.17728055077452667
