0 0.15960024227740763 0.21016949152542372 0.06359781950333131 0.20338983050847456
0 0.06450635978195034 0.20677966101694914 0.06602059357964869 0.19322033898305085
0 0.056329497274379164 0.5144067796610169 0.06299212598425197 0.20169491525423727
0 0.06268927922471229 0.7999999999999999 0.07450030284675954 0.2135593220338983
0 0.1599030890369473 0.8127118644067797 0.07026044821320411 0.20847457627118643
0 0.15960024227740763 0.5135593220338983 0.06723198061780739 0.1966101694915254
0 0.25681405208964264 0.2059322033898305 0.07026044821320411 0.1983050847457627
0 0.2616596002422774 0.5016949152542373 0.06299212598425197 0.1864406779661017
0 0.2595396729254997 0.8042372881355931 0.06844336765596608 0.1847457627118644
0 0.3500908540278619 0.8076271186440678 0.0714718352513628 0.21864406779661016
0 0.35978195033313143 0.48050847457627116 0.06420351302241066 0.1440677966101695
0 0.3615990308903695 0.19745762711864406 0.06056935190793458 0.17457627118644067
0 0.4494245911568746 0.20169491525423727 0.05208964264082374 0.17966101694915254
0 0.4582071471835251 0.5194915254237288 0.05875227135069654 0.19152542372881357
0 0.4539672925499697 0.7940677966101695 0.05754088431253786 0.16440677966101694
0 0.5427013930950939 0.8059322033898305 0.06662628709872805 0.20847457627118643
0 0.5430042398546335 0.5050847457627119 0.06723198061780739 0.19999999999999998
0 0.5457298606904906 0.19999999999999998 0.06662628709872805 0.16610169491525423
0 0.642640823743186 0.20677966101694914 0.06299212598425197 0.21016949152542372
0 0.6393095093882495 0.5042372881355932 0.05875227135069654 0.2389830508474576
0 0.6477892186553603 0.8186440677966101 0.06238643246517262 0.17966101694915254
0 0.741671714112659 0.8194915254237288 0.07086614173228346 0.20508474576271185
0 0.7334948516050878 0.5186440677966102 0.06420351302241066 0.19999999999999998
0 0.7459115687462144 0.17796610169491525 0.06844336765596608 0.1864406779661017
0 0.8358570563294972 0.21101694915254238 0.06056935190793458 0.18135593220338983
0 0.937007874015748 0.1983050847457627 0.06662628709872805 0.2135593220338983
0 0.9394306480920653 0.5084745762711864 0.07510599636583888 0.21694915254237288
0 0.8337371290127196 0.5050847457627119 0.06965475469412477 0.22033898305084745
0 0.839794064203513 0.7957627118644067 0.05754088431253786 0.17457627118644067
0 0.9364021804966687 0.8186440677966101 0.08358570563294973 0.19999999999999998
