0 0.042420461634435434 0.15526802218114602 0.0611353711790393 0.17375231053604437
0 0.14784778540237056 0.14695009242144177 0.051154086088583905 0.1756007393715342
0 0.25015595757953835 0.16081330868761554 0.056144728633811605 0.17005545286506468
0 0.34279475982532753 0.1487985212569316 0.06924516531503432 0.20517560073937152
0 0.438552713661884 0.14140480591497226 0.056144728633811605 0.19038817005545286
0 0.5483468496568933 0.16173752310536044 0.056144728633811605 0.14972273567467653
0 0.6584529008109794 0.15249537892791126 0.0630068621334997 0.17190388170055454
0 0.759825327510917 0.17190388170055454 0.07860262008733625 0.18853974121996303
0 0.8465377417342482 0.13863216266173753 0.058640049906425455 0.19593345656192238
0 0.9603867747972551 0.1709796672828096 0.06425452276980662 0.1977818853974122
0 0.9566437928883343 0.4833641404805915 0.056768558951965066 0.20517560073937152
0 0.9597629444791017 0.8179297597042514 0.0630068621334997 0.22365988909426987
0 0.8599500935745478 0.8022181146025877 0.07423580786026202 0.21811460258780035
0 0.7601372426699937 0.7828096118299446 0.0630068621334997 0.17929759704251386
0 0.6509669369931379 0.48890942698706097 0.07049282595134124 0.23844731977818853
0 0.6572052401746725 0.7957486136783734 0.061759201497192766 0.17929759704251386
0 0.5495945102932003 0.4731977818853974 0.06363069245165315 0.16266173752310537
0 0.5573923892701185 0.7874306839186691 0.059263880224578916 0.16635859519408502
0 0.44915782907049284 0.4731977818853974 0.06487835308796007 0.19963031423290203
0 0.4585152838427948 0.7846580406654343 0.05489706799750468 0.1534195933456562
0 0.35308796007485965 0.7939001848428835 0.05739238927011853 0.1756007393715342
0 0.34996880848409234 0.4907578558225508 0.05489706799750468 0.16081330868761554
0 0.2454772301933874 0.5064695009242144 0.07673112913287586 0.18853974121996303
0 0.25327510917030566 0.7874306839186691 0.07111665626949469 0.19963031423290203
0 0.1363069245165315 0.4898336414048059 0.0630068621334997 0.17375231053604437
0 0.14192139737991266 0.8160813308687616 0.06799750467872738 0.18299445471349352
0 0.041796631316281974 0.8428835489833642 0.06986899563318777 0.2033271719038817
0 0.04273237679351216 0.47689463955637706 0.045539613225202745 0.1256931608133087
