0 0.052631578947368425 0.19075630252100842 0.0606811145510836 0.2
0 0.14922600619195048 0.19075630252100842 0.06439628482972137 0.18319327731092439
0 0.24829721362229104 0.1823529411764706 0.0693498452012384 0.21008403361344538
0 0.35913312693498456 0.1773109243697479 0.06439628482972137 0.18319327731092439
0 0.45108359133126935 0.19831932773109245 0.07120743034055728 0.1915966386554622
0 0.5495356037151703 0.1722689075630252 0.06625386996904026 0.1596638655462185
0 0.6486068111455109 0.17899159663865546 0.0736842105263158 0.2
0 0.7538699690402477 0.19747899159663868 0.05882352941176471 0.17983193277310924
0 0.8532507739938081 0.2008403361344538 0.0606811145510836 0.18319327731092439
0 0.9448916408668732 0.19915966386554623 0.0693498452012384 0.21008403361344538
0 0.9458204334365325 0.47647058823529415 0.07120743034055728 0.1596638655462185
0 0.9479876160990712 0.784873949579832 0.05325077399380805 0.17478991596638657
0 0.8535603715170279 0.7907563025210085 0.06253869969040247 0.20336134453781513
0 0.7520123839009288 0.7949579831932774 0.06377708978328174 0.20840336134453782
0 0.6538699690402477 0.8008403361344538 0.05944272445820434 0.2
0 0.555108359133127 0.7915966386554623 0.055108359133126936 0.20168067226890757
0 0.45108359133126935 0.7907563025210085 0.056346749226006194 0.1865546218487395
0 0.36284829721362233 0.7747899159663866 0.05696594427244582 0.18151260504201683
0 0.2563467492260062 0.7890756302521009 0.05696594427244582 0.1865546218487395
0 0.15325077399380807 0.784873949579832 0.07739938080495357 0.1915966386554622
0 0.05417956656346749 0.7974789915966387 0.05758513931888545 0.19327731092436976
