0 0.05015015015015015 0.17983870967741936 0.06786786786786786 0.18548387096774194
0 0.13933933933933934 0.18064516129032257 0.06966966966966967 0.18064516129032257
0 0.24564564564564564 0.1774193548387097 0.05165165165165165 0.15161290322580645
0 0.3417417417417417 0.1717741935483871 0.07807807807807808 0.18548387096774194
0 0.4411411411411411 0.18548387096774194 0.07387387387387387 0.2
0 0.5318318318318318 0.17096774193548386 0.07627627627627627 0.16129032258064516
0 0.6321321321321322 0.1774193548387097 0.05225225225225225 0.15161290322580645
0 0.7306306306306306 0.17419354838709677 0.07627627627627627 0.19032258064516128
0 0.8231231231231231 0.1774193548387097 0.060660660660660656 0.2
0 0.9207207207207206 0.17096774193548386 0.05045045045045045 0.16129032258064516
0 0.9261261261261261 0.4637096774193548 0.06846846846846846 0.20483870967741935
0 0.9216216216216215 0.7467741935483871 0.060660660660660656 0.18387096774193548
0 0.8228228228228228 0.739516129032258 0.05765765765765765 0.1629032258064516
0 0.7273273273273273 0.7346774193548387 0.06486486486486487 0.17580645161290323
0 0.624024024024024 0.7532258064516129 0.06366366366366366 0.1935483870967742
0 0.5288288288288288 0.7362903225806452 0.054654654654654654 0.13064516129032258
0 0.4402402402402402 0.7354838709677419 0.06246246246246246 0.14516129032258066
0 0.3408408408408408 0.7483870967741936 0.057057057057057055 0.15161290322580645
0 0.24384384384384383 0.7491935483870967 0.06606606606606606 0.16612903225806452
0 0.14864864864864863 0.7516129032258064 0.055855855855855854 0.15806451612903225
0 0.04504504504504504 0.75 0.06846846846846846 0.2
0 0.05135135135135135 0.4661290322580645 0.06306306306306306 0.1967741935483871
0 0.14744744744744745 0.47016129032258064 0.06906906906906907 0.19516129032258064
0 0.25015015015015013 0.44516129032258067 0.06666666666666667 0.15806451612903225
0 0.34114114114114114 0.4645161290322581 0.06246246246246246 0.16129032258064516
0 0.4408408408408408 0.47580645161290325 0.06726726726726727 0.1935483870967742
0 0.5345345345345345 0.4620967741935484 0.06006006006006006 0.19838709677419356
0 0.6339339339339339 0.45161290322580644 0.07147147147147147 0.17096774193548386
0 0.7276276276276276 0.4596774193548387 0.07387387387387387 0.2
0 0.8267267267267266 0.4596774193548387 0.06666666666666667 0.17419354838709677
