0 0.03810408921933085 0.2165289256198347 0.05885997521685254 0.1884297520661157
0 0.14467162329615862 0.21570247933884296 0.06009913258983891 0.1537190082644628
0 0.24039653035935565 0.21818181818181817 0.058240396530359353 0.15206611570247933
0 0.34014869888475835 0.2115702479338843 0.06319702602230483 0.1652892561983471
0 0.4479553903345725 0.18760330578512396 0.08302354399008674 0.15041322314049588
0 0.5464684014869888 0.21322314049586777 0.0644361833952912 0.1586776859504132
0 0.6446716232961586 0.20826446280991734 0.05514250309789343 0.14545454545454545
0 0.741635687732342 0.20578512396694215 0.06815365551425032 0.18677685950413223
0 0.8398389095415117 0.20165289256198346 0.06257744733581165 0.18512396694214875
0 0.9476456009913259 0.19917355371900827 0.06505576208178439 0.18016528925619835
0 0.9526022304832714 0.5148760330578512 0.0563816604708798 0.1768595041322314
0 0.9566294919454771 0.7975206611570248 0.06319702602230483 0.1768595041322314
0 0.04677819083023544 0.5132231404958677 0.06629491945477076 0.1933884297520661
0 0.1452912019826518 0.5206611570247934 0.07001239157372986 0.18181818181818182
0 0.24535315985130113 0.5082644628099173 0.06939281288723669 0.1768595041322314
0 0.34355638166047087 0.515702479338843 0.07001239157372986 0.1586776859504132
0 0.4479553903345725 0.5099173553719009 0.05947955390334572 0.17024793388429751
0 0.5405824039653035 0.5115702479338843 0.07125154894671623 0.16363636363636364
0 0.6446716232961586 0.5057851239669421 0.06629491945477076 0.15537190082644628
0 0.741635687732342 0.49752066115702476 0.06815365551425032 0.17520661157024792
0 0.8435563816604709 0.5 0.04770755885997522 0.14049586776859505
0 0.8509913258983891 0.7925619834710743 0.06381660470879802 0.17355371900826447
0 0.7493804213135068 0.7900826446280992 0.0563816604708798 0.13884297520661157
0 0.645910780669145 0.8033057851239669 0.06505576208178439 0.17851239669421487
0 0.5464684014869888 0.8024793388429752 0.0607187112763321 0.18016528925619835
0 0.45043370508054525 0.8057851239669421 0.058240396530359353 0.1768595041322314
0 0.3426270136307311 0.7950413223140496 0.061957868649318466 0.1487603305785124
0 0.24659231722428748 0.812396694214876 0.06319702602230483 0.17355371900826447
0 0.13971499380421315 0.8090909090909091 0.06505576208178439 0.17024793388429751
0 0.04460966542750929 0.7884297520661157 0.06691449814126395 0.15206611570247933
