0 0.05833842394624313 0.19935170178282008 0.056811240073304826 0.15235008103727715
0 0.05803298717165547 0.4708265802269044 0.06597434331093464 0.16693679092382496
0 0.06200366524129505 0.7625607779578606 0.06658521686010996 0.16693679092382496
0 0.15974343310934638 0.7568881685575364 0.055589492974954184 0.1393841166936791
0 0.25412339645693344 0.7649918962722853 0.05742211362248015 0.15235008103727715
0 0.355222968845449 0.7617504051863857 0.0678069639584606 0.17504051863857373
0 0.45021380574221137 0.7747163695299838 0.06841783750763591 0.19773095623987033
0 0.5488698839340257 0.773095623987034 0.05803298717165547 0.17504051863857373
0 0.6481368356750153 0.7714748784440842 0.0708613317043372 0.15883306320907617
0 0.7379352474037875 0.752836304700162 0.06353084911423336 0.1766612641815235
0 0.8454489920586439 0.7682333873581847 0.06719609040928529 0.18476499189627227
0 0.9398289554062309 0.7658022690437601 0.061698228466707396 0.179902755267423
0 0.9410507025045816 0.49513776337115073 0.056811240073304826 0.14748784440842788
0 0.8481979230299328 0.4854132901134522 0.0678069639584606 0.18638573743922204
0 0.7510690287110569 0.4991896272285251 0.06047648136835675 0.17179902755267423
0 0.6502748930971289 0.4870340356564019 0.056811240073304826 0.14100486223662884
0 0.5568112400733048 0.4700162074554295 0.06902871105681124 0.17504051863857373
0 0.451435552840562 0.47811993517017826 0.05742211362248015 0.1653160453808752
0 0.34941967012828345 0.4683954619124797 0.05986560781918143 0.1620745542949757
0 0.25687232742822236 0.47568881685575365 0.06414172266340867 0.16369529983792544
0 0.15821624923640806 0.46758508914100483 0.064752596212584 0.16369529983792544
0 0.15913255956017106 0.2098865478119935 0.07147220525351253 0.17341977309562398
0 0.25687232742822236 0.18962722852512154 0.07269395235186317 0.15883306320907617
0 0.35583384239462434 0.19854132901134522 0.07025045815516189 0.18962722852512154
0 0.452351863164325 0.18476499189627227 0.06047648136835675 0.1426256077795786
0 0.5470372632864997 0.20664505672609398 0.06536346976175932 0.1539708265802269
0 0.6441661576053757 0.20016207455429497 0.06291997556505803 0.1539708265802269
0 0.7495418448381186 0.20583468395461912 0.05986560781918143 0.1620745542949757
0 0.8457544288332316 0.19935170178282008 0.07513744654856445 0.1880064829821718
0 0.9477703115455101 0.1952998379254457 0.07391569945021381 0.18962722852512154
