0 0.048594132029339855 0.17269736842105263 0.06051344743276284 0.13157894736842105
0 0.1497555012224939 0.1768092105263158 0.07212713936430318 0.14638157894736842
0 0.24419315403422984 0.1907894736842105 0.07640586797066015 0.1644736842105263
0 0.34382640586797064 0.1694078947368421 0.06662591687041565 0.1611842105263158
0 0.4443765281173594 0.19901315789473684 0.06968215158924206 0.18421052631578946
0 0.5415647921760391 0.17598684210526314 0.07579462102689487 0.18421052631578946
0 0.6399755501222494 0.171875 0.07334963325183375 0.14638157894736842
0 0.7353300733496333 0.15871710526315788 0.07823960880195599 0.13980263157894737
0 0.8398533007334963 0.1981907894736842 0.06845965770171149 0.18585526315789472
0 0.9272616136919315 0.1907894736842105 0.0647921760391198 0.1644736842105263
0 0.9355134474327629 0.4901315789473684 0.05684596577017115 0.17434210526315788
0 0.933679706601467 0.7705592105263157 0.07029339853300734 0.21217105263157893
0 0.839242053789731 0.7828947368421052 0.06723716381418093 0.19407894736842105
0 0.831601466992665 0.48026315789473684 0.051955990220048896 0.17434210526315788
0 0.7393031784841075 0.4745065789473684 0.06662591687041565 0.1957236842105263
0 0.7325794621026895 0.787828947368421 0.0715158924205379 0.21710526315789472
0 0.6384474327628362 0.7771381578947368 0.06662591687041565 0.1694078947368421
0 0.6375305623471883 0.47039473684210525 0.061124694376528114 0.17763157894736842
0 0.5458435207823961 0.4876644736842105 0.07090464547677261 0.18914473684210525
0 0.5400366748166259 0.7754934210526315 0.07029339853300734 0.19901315789473684
0 0.4419315403422983 0.7763157894736842 0.07701711491442542 0.1907894736842105
0 0.441320293398533 0.4983552631578947 0.06601466992665037 0.1611842105263158
0 0.3432151589242054 0.4950657894736842 0.07885085574572127 0.18092105263157893
0 0.347799511002445 0.7713815789473684 0.06968215158924206 0.1644736842105263
0 0.24205378973105135 0.49917763157894735 0.061124694376528114 0.17269736842105263
0 0.2438875305623472 0.7771381578947368 0.06356968215158924 0.15296052631578946
0 0.14486552567237163 0.7746710526315789 0.0745721271393643 0.14473684210526316
0 0.14180929095354522 0.4884868421052631 0.0647921760391198 0.15789473684210525
0 0.04798288508557457 0.4851973684210526 0.07396088019559902 0.18421052631578946
0 0.048594132029339855 0.772203947368421 0.07396088019559902 0.17598684210526314
