0 0.05027590435315757 0.2212317666126418 0.06253832004904966 0.16369529983792544
0 0.05334150827713059 0.5235008103727714 0.0674432863274065 0.1685575364667747
0 0.052421827099938687 0.7965964343598054 0.07418761496014714 0.19286871961102106
0 0.1486817903126916 0.8006482982171799 0.07173513182096873 0.17179902755267423
0 0.15113427345187 0.5008103727714749 0.07418761496014714 0.18476499189627227
0 0.1502145922746781 0.2034035656401945 0.06131207847946045 0.17017828200972446
0 0.25076640098099323 0.20826580226904376 0.06989576946658492 0.18638573743922204
0 0.24678111587982832 0.5008103727714749 0.07541385652973635 0.1685575364667747
0 0.24892703862660942 0.8006482982171799 0.06376456161863887 0.17504051863857373
0 0.34580012262415694 0.8055105348460291 0.06499080318822807 0.1880064829821718
0 0.4463519313304721 0.8047001620745543 0.052728387492335986 0.14424635332252836
0 0.5413856529736357 0.7893030794165316 0.04659717964438994 0.15883306320907617
0 0.6468424279583077 0.7876823338735818 0.06253832004904966 0.1620745542949757
0 0.7415695892090741 0.7884927066450567 0.05947271612507664 0.16045380875202592
0 0.8436541998773758 0.7917341977309562 0.05885959534028203 0.16369529983792544
0 0.940220723482526 0.793354943273906 0.04598405885959534 0.13776337115072934
0 0.9393010423053341 0.526742301458671 0.07234825260576333 0.18152350081037277
0 0.8476394849785407 0.5137763371150729 0.07541385652973635 0.1653160453808752
0 0.7458614347026363 0.5016207455429498 0.0680564071122011 0.17341977309562398
0 0.6431637032495401 0.49594813614262556 0.06376456161863887 0.1880064829821718
0 0.5478234212139791 0.5137763371150729 0.061925199264255056 0.15559157212317665
0 0.4478847332924586 0.49513776337115073 0.0668301655426119 0.16369529983792544
0 0.34549356223175964 0.49270664505672607 0.07050889025137952 0.1944894651539708
0 0.34763948497854075 0.21555915721231766 0.06499080318822807 0.15235008103727715
0 0.44512568976088285 0.22366288492706643 0.07112201103617412 0.1880064829821718
0 0.5423053341508277 0.2212317666126418 0.0668301655426119 0.179902755267423
0 0.6456161863887185 0.2252836304700162 0.06376456161863887 0.17504051863857373
0 0.745554874310239 0.22366288492706643 0.07602697731453095 0.20097244732576985
0 0.8436541998773758 0.20421393841166935 0.07970570202329859 0.1944894651539708
0 0.9386879215205395 0.22609400324149106 0.07357449417535254 0.18962722852512154
