0 0.053145998778252906 0.19262295081967212 0.06719609040928529 0.19508196721311474
0 0.15241295051924253 0.19672131147540983 0.06414172266340867 0.1540983606557377
0 0.23854612095296274 0.17868852459016393 0.06291997556505803 0.16065573770491803
0 0.3454489920586439 0.17704918032786884 0.07758094074526574 0.17049180327868851
0 0.437080024434942 0.1959016393442623 0.07391569945021381 0.1721311475409836
1 0.3436163714111179 0.7868852459016393 0.07513744654856445 0.16065573770491803
0 0.44196701282834455 0.7770491803278688 0.055589492974954184 0.16393442622950818
0 0.2449602932193036 0.7795081967213114 0.046426389737324374 0.14590163934426228
0 0.14844227244960292 0.7762295081967213 0.06353084911423336 0.16229508196721312
0 0.04734270006108736 0.7770491803278688 0.06902871105681124 0.18032786885245902
0 0.047648136835675016 0.4819672131147541 0.061087354917532075 0.16393442622950818
0 0.14294441050702505 0.48770491803278687 0.06353084911423336 0.19508196721311474
0 0.24709835064141725 0.47950819672131145 0.07391569945021381 0.17868852459016393
0 0.3442272449602932 0.48688524590163934 0.06291997556505803 0.18032786885245902
0 0.44043982895540623 0.46311475409836067 0.05986560781918143 0.16229508196721312
0 0.5439828955406231 0.4672131147540984 0.0824679291386683 0.16393442622950818
0 0.6362248014660965 0.4778688524590164 0.06536346976175932 0.16229508196721312
0 0.5436774587660355 0.19344262295081968 0.07574832009773977 0.19672131147540983
0 0.6429444105070251 0.20245901639344263 0.07513744654856445 0.18524590163934426
0 0.7397678680513134 0.20163934426229507 0.07208307880268784 0.1737704918032787
0 0.8405620036652414 0.20491803278688525 0.06841783750763591 0.1901639344262295
0 0.9349419670128284 0.17049180327868851 0.07758094074526574 0.17049180327868851
0 0.9386072083078802 0.46475409836065573 0.06047648136835675 0.1557377049180328
0 0.9315821624923641 0.7852459016393443 0.06230910201588272 0.1901639344262295
0 0.8344532681734881 0.7819672131147541 0.06963958460598656 0.19344262295081968
0 0.7336591325595602 0.771311475409836 0.06597434331093464 0.16229508196721312
0 0.6408063530849114 0.7598360655737705 0.0708613317043372 0.15901639344262294
0 0.5403176542455712 0.7639344262295082 0.06291997556505803 0.17704918032786884
0 0.7376298106291997 0.48278688524590163 0.06414172266340867 0.17540983606557378
0 0.8356750152718387 0.4901639344262295 0.08185705558949298 0.18360655737704917
