0 0.05198776758409786 0.19738988580750408 0.0746177370030581 0.19249592169657423
0 0.14801223241590214 0.21615008156606852 0.055045871559633024 0.15823817292006526
0 0.2495412844036697 0.18270799347471453 0.06972477064220182 0.16965742251223492
0 0.35015290519877673 0.23654159869494293 0.07522935779816513 0.1631321370309951
0 0.4501529051987767 0.19494290375203915 0.0672782874617737 0.17455138662316477
0 0.545565749235474 0.18923327895595432 0.0746177370030581 0.18597063621533444
0 0.6474006116207951 0.200652528548124 0.0654434250764526 0.16965742251223492
0 0.7428134556574923 0.18841761827079936 0.05810397553516819 0.15497553017944535
0 0.8418960244648318 0.1908646003262643 0.06422018348623852 0.17292006525285483
0 0.9415902140672783 0.1941272430668842 0.05443425076452599 0.15986949429037522
0 0.937308868501529 0.4641109298531811 0.05321100917431192 0.12561174551386622
0 0.9336391437308867 0.7862969004893965 0.05932721712538226 0.15986949429037522
0 0.837308868501529 0.4910277324632953 0.07339449541284403 0.17292006525285483
0 0.836697247706422 0.7773246329526917 0.0782874617737003 0.18107667210440456
0 0.7391437308868501 0.7740619902120718 0.06177370030581039 0.17128874388254486
0 0.6409785932721712 0.7781402936378466 0.0709480122324159 0.16639477977161501
0 0.6376146788990825 0.46492659053833607 0.0691131498470948 0.1402936378466558
0 0.5437308868501529 0.48205546492659057 0.06238532110091743 0.14845024469820556
0 0.5391437308868501 0.7748776508972268 0.06055045871559633 0.15660685154975532
0 0.44311926605504587 0.800163132137031 0.05932721712538226 0.1941272430668842
0 0.4418960244648318 0.4893964110929853 0.07522935779816513 0.18597063621533444
0 0.33975535168195714 0.49429037520391517 0.06177370030581039 0.1631321370309951
0 0.3409785932721712 0.7871125611745514 0.06422018348623852 0.2039151712887439
0 0.2513761467889908 0.7960848287112562 0.06972477064220182 0.19575856443719414
0 0.24128440366972476 0.5089722675367048 0.06422018348623852 0.18597063621533444
0 0.14128440366972475 0.5073409461663948 0.05993883792048929 0.15660685154975532
0 0.14617737003058104 0.7789559543230017 0.06605504587155962 0.15823817292006526
0 0.05412844036697247 0.7487765089722676 0.0654434250764526 0.10440456769983687
0 0.048929663608562685 0.4967373572593801 0.0709480122324159 0.17781402936378468
