0 0.043478260869565216 0.13644688644688643 0.06858542559706063 0.19963369963369965
0 0.1543172075933864 0.15567765567765568 0.06736068585425597 0.20146520146520147
0 0.24770361298224128 0.1510989010989011 0.07042253521126761 0.19230769230769232
0 0.34782608695652173 0.15567765567765568 0.06981016533986528 0.18315018315018314
0 0.4522351500306185 0.15476190476190477 0.06429883649724434 0.1813186813186813
0 0.5566442131047152 0.14102564102564102 0.06613594611145132 0.19047619047619047
0 0.6530924678505817 0.15567765567765568 0.07899571341090018 0.2271062271062271
0 0.7522963870177587 0.1282051282051282 0.065523576240049 0.15384615384615385
0 0.8459889773423148 0.1575091575091575 0.07164727495407226 0.23443223443223443
0 0.9546846295162278 0.152014652014652 0.052663808940600125 0.19047619047619047
0 0.9470300061236987 0.4835164835164835 0.07409675443968157 0.23443223443223443
0 0.9568279240661359 0.8122710622710623 0.06184935701163503 0.2326007326007326
0 0.8619105939987752 0.7957875457875457 0.054500918554807105 0.19963369963369965
0 0.7480097979179424 0.46794871794871795 0.0679730557256583 0.184981684981685
0 0.7538273116962646 0.7985347985347986 0.0612369871402327 0.20512820512820512
0 0.6491120636864667 0.793040293040293 0.07593386405388855 0.20512820512820512
0 0.6555419473361911 0.4624542124542125 0.06307409675443969 0.19230769230769232
0 0.5535823637477036 0.4734432234432234 0.06981016533986528 0.21062271062271062
0 0.548683404776485 0.7976190476190477 0.07225964482547459 0.19597069597069597
0 0.4497856705450092 0.45879120879120877 0.0679730557256583 0.184981684981685
0 0.4488671157379057 0.8076923076923077 0.0747091243110839 0.22344322344322345
0 0.35364360073484385 0.4880952380952381 0.07042253521126761 0.22893772893772893
0 0.3505817513778322 0.8113553113553114 0.06184935701163503 0.20146520146520147
0 0.2449479485609308 0.48534798534798534 0.06491120636864667 0.23076923076923078
0 0.2535211267605634 0.8159340659340659 0.0771586037966932 0.21428571428571427
0 0.1543172075933864 0.48443223443223443 0.05388854868340478 0.2032967032967033
0 0.15033680342927128 0.7994505494505495 0.06919779546846296 0.19230769230769232
0 0.05327617881200245 0.48443223443223443 0.05511328842620943 0.19597069597069597
0 0.050826699326393145 0.8067765567765568 0.06981016533986528 0.19963369963369965
