0 0.05788177339901478 0.16471571906354515 0.06896551724137931 0.14214046822742474
0 0.15055418719211822 0.17642140468227424 0.06342364532019705 0.15551839464882944
0 0.2512315270935961 0.1797658862876254 0.07389162561576355 0.21237458193979933
0 0.3494458128078818 0.181438127090301 0.06834975369458128 0.1688963210702341
0 0.4482758620689655 0.16638795986622074 0.0812807881773399 0.18896321070234112
0 0.5486453201970444 0.16304347826086957 0.07266009852216748 0.16555183946488294
0 0.645320197044335 0.1797658862876254 0.05541871921182266 0.17558528428093645
0 0.750307881773399 0.16806020066889632 0.06958128078817734 0.17558528428093645
0 0.8442118226600985 0.18478260869565216 0.07512315270935961 0.18561872909698995
0 0.9461206896551724 0.17809364548494983 0.06711822660098522 0.16555183946488294
0 0.9451970443349754 0.46906354515050164 0.07635467980295567 0.18227424749163879
0 0.9461206896551724 0.7734113712374582 0.058497536945812806 0.16220735785953178
0 0.8442118226600985 0.790133779264214 0.06403940886699508 0.17224080267558528
0 0.8457512315270936 0.48494983277591974 0.06834975369458128 0.16722408026755853
0 0.7438423645320197 0.47240802675585286 0.05665024630541872 0.17892976588628762
0 0.7487684729064039 0.7817725752508361 0.05295566502463054 0.14214046822742474
0 0.6471674876847291 0.7884615384615384 0.06527093596059114 0.16555183946488294
0 0.6437807881773399 0.4866220735785953 0.06342364532019705 0.19732441471571907
0 0.5501847290640394 0.4866220735785953 0.07327586206896552 0.18394648829431437
0 0.5461822660098522 0.7867892976588629 0.06773399014778325 0.18561872909698995
0 0.44704433497536944 0.4866220735785953 0.06527093596059114 0.20066889632107024
0 0.4535098522167488 0.7851170568561873 0.06958128078817734 0.18227424749163879
0 0.34698275862068967 0.4707357859531772 0.06342364532019705 0.16220735785953178
0 0.3522167487684729 0.7801003344481605 0.0665024630541872 0.20234113712374582
0 0.25092364532019706 0.4866220735785953 0.07204433497536945 0.1906354515050167
0 0.2561576354679803 0.7909698996655519 0.07512315270935961 0.17391304347826086
0 0.15024630541871922 0.7709030100334449 0.06896551724137931 0.16722408026755853
0 0.14901477832512317 0.45819397993311034 0.06896551724137931 0.1471571906354515
0 0.056342364532019705 0.4623745819397993 0.06834975369458128 0.1454849498327759
0 0.053263546798029554 0.7759197324414716 0.07327586206896552 0.1705685618729097
