0 0.05009219422249538 0.23228995057660626 0.06207744314689612 0.17792421746293247
0 0.14843269821757835 0.22899505766062603 0.06330669944683466 0.16474464579901155
0 0.2516902274124155 0.2298187808896211 0.06207744314689612 0.19604612850082373
0 0.3521819299323909 0.2298187808896211 0.06883835279655807 0.20922570016474465
0 0.4474492931776275 0.20922570016474465 0.06146281499692685 0.16803953871499178
0 0.55039950829748 0.2042833607907743 0.07314074984634296 0.17462932454695224
0 0.6502765826674861 0.2199341021416804 0.06760909649661954 0.17957166392092258
0 0.7455439459127228 0.22899505766062603 0.07129686539643515 0.19769357495881384
0 0.8460356484326982 0.2199341021416804 0.07805777504609711 0.18945634266886327
0 0.9465273509526736 0.21087314662273476 0.07498463429625077 0.17792421746293247
0 0.9449907805777504 0.5115321252059308 0.07191149354640441 0.20593080724876442
0 0.9456054087277197 0.8154859967051071 0.07314074984634296 0.18780889621087316
0 0.8451137062077443 0.5090609555189456 0.066379840196681 0.18780889621087316
0 0.8405039950829747 0.7874794069192751 0.05961893054701905 0.18451400329489293
0 0.746158574062692 0.515650741350906 0.07129686539643515 0.18780889621087316
0 0.7449293177627535 0.8064250411861614 0.07129686539643515 0.19604612850082373
0 0.6481253841425937 0.5115321252059308 0.06576521204671174 0.19604612850082373
0 0.6361401352181929 0.7981878088962109 0.054087277197295634 0.17627677100494235
0 0.5476336816226183 0.5131795716639209 0.06760909649661954 0.1828665568369028
0 0.5417947141979103 0.8023064250411862 0.060848186846957586 0.17792421746293247
0 0.44622003687768896 0.5123558484349259 0.07129686539643515 0.214168039538715
0 0.44499078057775043 0.7891268533772653 0.07375537799631222 0.171334431630972
0 0.3488014751075599 0.5304777594728172 0.06822372464658881 0.18451400329489293
0 0.3567916410571604 0.7965403624382208 0.06330669944683466 0.17627677100494235
0 0.25322679778733864 0.5214168039538715 0.07129686539643515 0.2026359143327842
0 0.25046097111247695 0.8088962108731467 0.05347264904732636 0.19769357495881384
0 0.14935464044253224 0.5222405271828665 0.0725261216963737 0.19439868204283361
0 0.1524277811923786 0.8171334431630972 0.0725261216963737 0.19439868204283361
0 0.05746773202212661 0.8121911037891268 0.06576521204671174 0.20098846787479407
0 0.052243392747387825 0.4975288303130148 0.07867240319606637 0.171334431630972
