0 0.060233558696988314 0.1985530546623794 0.054087277197295634 0.13987138263665594
0 0.057160417947141974 0.4782958199356913 0.06515058389674247 0.16559485530546625
0 0.058696988322065144 0.7765273311897106 0.06330669944683466 0.17684887459807075
0 0.16011063306699447 0.7789389067524116 0.057160417947141974 0.18167202572347266
0 0.15765212046711738 0.4895498392282958 0.07068223724646588 0.18167202572347266
0 0.15580823601720958 0.1864951768488746 0.06453595574677319 0.17041800643086816
0 0.2566072526121696 0.19292604501607716 0.06945298094652734 0.17041800643086816
0 0.25599262446220034 0.4903536977491961 0.07068223724646588 0.19935691318327975
0 0.25629993853718497 0.7773311897106109 0.08113091579594345 0.18167202572347266
0 0.3500307314074984 0.7998392282958199 0.06945298094652734 0.16237942122186494
0 0.3558696988322065 0.4879421221864952 0.06392132759680393 0.18810289389067525
0 0.3549477566072526 0.19614147909967847 0.060848186846957586 0.18971061093247588
0 0.45881991395205896 0.18971061093247588 0.05838967424708051 0.1607717041800643
0 0.45697602950215116 0.49437299035369775 0.07314074984634296 0.1945337620578778
0 0.461278426551936 0.7805466237942122 0.07314074984634296 0.18488745980707394
0 0.5531653349723417 0.7733118971061094 0.066379840196681 0.19935691318327975
0 0.5543945912722802 0.49356913183279744 0.06392132759680393 0.19292604501607716
0 0.5525507068223724 0.21221864951768488 0.06760909649661954 0.17363344051446944
0 0.6567301782421634 0.20739549839228297 0.060848186846957586 0.17684887459807075
0 0.657037492317148 0.48231511254019294 0.07744314689612784 0.19292604501607716
0 0.6561155500921941 0.7877813504823151 0.06699446834665027 0.1864951768488746
0 0.7547633681622617 0.7885852090032154 0.07498463429625077 0.20096463022508038
0 0.7547633681622617 0.48392282958199356 0.066379840196681 0.19614147909967847
0 0.7593730792870312 0.20819935691318328 0.07191149354640441 0.1977491961414791
0 0.8481868469575906 0.20257234726688103 0.07498463429625077 0.17041800643086816
0 0.8549477566072525 0.5040192926045016 0.0799016594960049 0.18488745980707394
0 0.8509526736324523 0.7821543408360129 0.07314074984634296 0.17845659163987138
0 0.9548248309772587 0.7893890675241158 0.06945298094652734 0.18006430868167203
0 0.9529809465273509 0.4790996784565916 0.06945298094652734 0.17684887459807075
0 0.952059004302397 0.18971061093247588 0.07375537799631222 0.17363344051446944
