0 0.05308114704087858 0.20047169811320756 0.05857230018303844 0.1839622641509434
0 0.1455155582672361 0.21226415094339623 0.06284319707138498 0.17610062893081763
0 0.1503965832824893 0.49528301886792453 0.061622940817571685 0.15408805031446543
0 0.15161683953630262 0.7696540880503145 0.06650396583282489 0.1556603773584906
0 0.05338621110433191 0.7712264150943396 0.06650396583282489 0.16823899371069184
0 0.052471018913971934 0.49528301886792453 0.06223306894447834 0.16037735849056606
0 0.2532031726662599 0.18317610062893083 0.06711409395973154 0.17767295597484278
0 0.2467968273337401 0.49528301886792453 0.057962172056131786 0.16666666666666669
0 0.24801708358755337 0.7751572327044025 0.06894447834045149 0.15408805031446543
0 0.3520439292251373 0.7783018867924528 0.06467358145210494 0.15408805031446543
0 0.349908480780964 0.48506289308176104 0.04820012202562538 0.139937106918239
0 0.349908480780964 0.20518867924528303 0.057962172056131786 0.12421383647798742
0 0.4423428920073215 0.20204402515723272 0.07809640024405125 0.19339622641509435
0 0.4460036607687614 0.4889937106918239 0.05979255643685174 0.15723270440251574
0 0.4517998779743746 0.7720125786163522 0.060402684563758385 0.16352201257861637
0 0.5381330079316656 0.7845911949685535 0.05857230018303844 0.1729559748427673
0 0.5442342892007321 0.49842767295597484 0.06589383770591824 0.16666666666666669
0 0.5396583282489322 0.1878930817610063 0.060402684563758385 0.17452830188679247
0 0.6452104942037827 0.20518867924528303 0.06894447834045149 0.1808176100628931
0 0.6363636363636364 0.48427672955974843 0.05979255643685174 0.18867924528301888
0 0.6348383160463698 0.7861635220125787 0.045759609517998776 0.14779874213836477
0 0.7434411226357535 0.77437106918239 0.06284319707138498 0.16509433962264153
0 0.7413056741915802 0.49606918238993714 0.06223306894447834 0.17767295597484278
0 0.7446613788895667 0.20361635220125787 0.06650396583282489 0.19654088050314467
0 0.836790726052471 0.20440251572327045 0.057962172056131786 0.16037735849056606
0 0.8425869432580841 0.48427672955974843 0.06711409395973154 0.18553459119496857
0 0.8380109823062842 0.77437106918239 0.06284319707138498 0.18710691823899372
0 0.9307504575960951 0.7602201257861636 0.06406345332519829 0.19025157232704404
0 0.9432580841976814 0.503930817610063 0.06345332519829164 0.17452830188679247
0 0.9426479560707748 0.21776729559748428 0.06345332519829164 0.16509433962264153
