0 0.05842970176506391 0.17918622848200313 0.05964698721850274 0.1643192488262911
0 0.15642118076688985 0.18388106416275432 0.05964698721850274 0.1674491392801252
0 0.2522824102251978 0.16588419405320814 0.06512477175897748 0.1596244131455399
0 0.3514911746804626 0.19248826291079812 0.06755934266585514 0.14084507042253522
0 0.445830797321972 0.18857589984350548 0.06512477175897748 0.14553990610328638
0 0.5456482045039562 0.18231611893583724 0.07121119902617164 0.15492957746478875
0 0.6445526475958613 0.19483568075117372 0.06816798539257456 0.1486697965571205
0 0.7416311625076081 0.18622848200312989 0.06512477175897748 0.15336463223787167
0 0.8384053560559952 0.19248826291079812 0.06512477175897748 0.16588419405320814
0 0.9400486914181375 0.19483568075117372 0.054169202678028 0.14553990610328638
0 0.940657334144857 0.4671361502347418 0.06877662811929397 0.14553990610328638
0 0.9427875836883749 0.7464788732394366 0.052343274497869755 0.15023474178403756
0 0.8359707851491175 0.7480438184663537 0.03956177723676202 0.10954616588419405
0 0.8438831405964698 0.45774647887323944 0.06512477175897748 0.15805946791862285
0 0.7468046256847231 0.4640062597809077 0.0620815581253804 0.15179968701095461
0 0.7379793061472916 0.744131455399061 0.060255629945222156 0.15492957746478875
0 0.6457699330493001 0.7355242566510173 0.05842970176506391 0.13771517996870108
0 0.6457699330493001 0.4538341158059468 0.06086427267194157 0.14710485133020346
0 0.5456482045039562 0.46009389671361506 0.06147291539866099 0.14084507042253522
0 0.5477784540474742 0.7488262910798122 0.05842970176506391 0.13928012519561817
0 0.44704808277541086 0.7386541471048513 0.060255629945222156 0.13771517996870108
0 0.45130858186244677 0.4483568075117371 0.06390748630553865 0.16118935837245696
0 0.3493609251369446 0.45226917057902977 0.06816798539257456 0.14084507042253522
0 0.352099817407182 0.742566510172144 0.06147291539866099 0.15179968701095461
0 0.2513694461351187 0.7386541471048513 0.05599513085818625 0.1784037558685446
0 0.25532562385879487 0.45305164319248825 0.06147291539866099 0.12363067292644758
0 0.1588557516737675 0.4593114241001565 0.0620815581253804 0.15492957746478875
0 0.1588557516737675 0.7222222222222222 0.06329884357881924 0.14553990610328638
0 0.05964698721850274 0.7323943661971831 0.06816798539257456 0.13458528951486698
0 0.059342665855143036 0.44366197183098594 0.06390748630553865 0.12989045383411582
