0 0.05497861942577886 0.2204724409448819 0.061087354917532075 0.1700787401574803
0 0.1518020769700672 0.2173228346456693 0.07025045815516189 0.1795275590551181
0 0.2495418448381185 0.23385826771653542 0.061698228466707396 0.14960629921259844
0 0.35583384239462434 0.21574803149606298 0.06536346976175932 0.1763779527559055
0 0.44502138057422114 0.20078740157480315 0.05436774587660354 0.1716535433070866
0 0.5424557116676848 0.20236220472440944 0.06230910201588272 0.1779527559055118
0 0.643860720830788 0.22677165354330708 0.06841783750763591 0.1700787401574803
0 0.7480146609651802 0.2 0.06658521686010996 0.16692913385826771
0 0.8396456933414783 0.21023622047244095 0.056811240073304826 0.16220472440944883
0 0.937080024434942 0.2141732283464567 0.056200366524129505 0.1700787401574803
0 0.9437996334758705 0.46771653543307085 0.07208307880268784 0.15433070866141732
0 0.940745265729994 0.7748031496062993 0.05742211362248015 0.1700787401574803
0 0.8439218081857056 0.7826771653543307 0.06047648136835675 0.14803149606299212
0 0.8405620036652414 0.4622047244094488 0.064752596212584 0.12755905511811022
0 0.743738546120953 0.468503937007874 0.07025045815516189 0.16850393700787403
0 0.7440439828955406 0.7377952755905511 0.06597434331093464 0.10551181102362205
0 0.6463042150274894 0.7393700787401575 0.05986560781918143 0.13070866141732285
0 0.6472205253512523 0.4905511811023622 0.05925473427000611 0.14330708661417324
0 0.5507025045815517 0.4905511811023622 0.07269395235186317 0.16850393700787403
0 0.5497861942577886 0.7433070866141732 0.06841783750763591 0.13228346456692913
0 0.4376908979841173 0.5039370078740157 0.04581551618814905 0.14488188976377953
0 0.4480757483200978 0.7622047244094488 0.06414172266340867 0.14803149606299212
0 0.34331093463653023 0.5015748031496063 0.05986560781918143 0.1653543307086614
0 0.3546120952962737 0.7440944881889764 0.07391569945021381 0.13700787401574804
0 0.2538179596823458 0.74251968503937 0.07391569945021381 0.13070866141732285
0 0.24923640806353087 0.48976377952755906 0.064752596212584 0.16692913385826771
0 0.15546731826511911 0.4984251968503937 0.0678069639584606 0.16220472440944883
0 0.15821624923640806 0.7433070866141732 0.07452657299938913 0.14488188976377953
0 0.05772755039706781 0.7448818897637796 0.07513744654856445 0.14803149606299212
0 0.056200366524129505 0.49291338582677163 0.07452657299938913 0.1921259842519685
