0 0.0468557336621455 0.20047923322683706 0.06165228113440197 0.17731629392971246
0 0.04778051787916153 0.4752396166134185 0.06843403205918619 0.1741214057507987
0 0.04932182490752158 0.7835463258785942 0.07028360049321825 0.1900958466453674
0 0.1538224414303329 0.7611821086261981 0.06473489519112208 0.14217252396166133
0 0.15413070283600494 0.4960063897763578 0.04932182490752158 0.14536741214057508
0 0.15474722564734894 0.20766773162939295 0.06288532675709001 0.16293929712460065
0 0.25400739827373614 0.21405750798722045 0.07768187422934648 0.17891373801916932
0 0.2595561035758323 0.4864217252396166 0.06041923551171394 0.15495207667731628
0 0.2521578298397041 0.7859424920127795 0.06165228113440197 0.16293929712460065
0 0.35450061652281134 0.7819488817891374 0.07151664611590629 0.1900958466453674
0 0.45499383477188654 0.7843450479233226 0.06041923551171394 0.17252396166134185
0 0.5539457459926017 0.7707667731629393 0.0659679408138101 0.1741214057507987
0 0.6498150431565968 0.7651757188498403 0.06905055487053022 0.17891373801916932
0 0.750924784217016 0.7843450479233226 0.06535141800246609 0.17891373801916932
0 0.8511097410604193 0.7595846645367412 0.0659679408138101 0.17092651757188498
0 0.9528360049321825 0.7659744408945687 0.05733662145499384 0.1741214057507987
0 0.9491368680641183 0.4952076677316294 0.06473489519112208 0.17891373801916932
0 0.8545006165228114 0.5023961661341853 0.06658446362515413 0.17731629392971246
0 0.7484586929716399 0.4944089456869009 0.06411837237977805 0.1741214057507987
0 0.6504315659679408 0.4960063897763578 0.06165228113440197 0.15814696485623003
0 0.5545622688039458 0.4920127795527156 0.05240443896424168 0.1597444089456869
0 0.4577681874229347 0.4864217252396166 0.056103575832305796 0.15175718849840256
0 0.3557336621454994 0.4936102236421725 0.055487053020961775 0.13099041533546324
0 0.34895191122071517 0.19808306709265175 0.07398273736128237 0.16293929712460065
0 0.4432799013563502 0.21645367412140573 0.07891491985203453 0.17092651757188498
0 0.5505548705302096 0.21725239616613418 0.06658446362515413 0.16293929712460065
0 0.6467324290998767 0.21964856230031948 0.07028360049321825 0.1996805111821086
0 0.7536991368680641 0.18130990415335463 0.06843403205918619 0.15175718849840256
0 0.8480271270036992 0.19249201277955272 0.07459926017262639 0.16134185303514376
0 0.9531442663378545 0.2084664536741214 0.06165228113440197 0.15814696485623003
