0 0.04127870887647424 0.1272563176895307 0.08007448789571694 0.18231046931407943
0 0.14028553693358162 0.14259927797833935 0.057107386716325266 0.18411552346570398
0 0.23960273122284295 0.12003610108303249 0.06207324643078833 0.17148014440433212
0 0.3463687150837989 0.14711191335740073 0.06207324643078833 0.2075812274368231
0 0.4441340782122905 0.12184115523465705 0.05648665425201738 0.15703971119133575
0 0.5505896958410925 0.148014440433213 0.07697082557417753 0.22021660649819497
0 0.6461824953445066 0.13898916967509026 0.07324643078833024 0.20216606498194947
0 0.7476722532588455 0.14891696750902528 0.08379888268156424 0.2075812274368231
0 0.845747982619491 0.148014440433213 0.06641837368094351 0.20938628158844766
0 0.95747982619491 0.15072202166064982 0.06765983860955928 0.2292418772563177
0 0.9565487274984482 0.46750902527075816 0.05834885164494103 0.20938628158844766
0 0.952513966480447 0.7815884476534296 0.06021104903786468 0.1588447653429603
0 0.8482309124767226 0.4792418772563177 0.06393544382371198 0.2075812274368231
0 0.8535071384233396 0.796028880866426 0.06579764121663563 0.21299638989169675
0 0.7507759155803848 0.47833935018050544 0.06269397889509622 0.18772563176895307
0 0.7517070142768467 0.786101083032491 0.0595903165735568 0.18592057761732853
0 0.6492861576660459 0.47743682310469315 0.074487895716946 0.2148014440433213
0 0.6449410304158908 0.786101083032491 0.048417132216014895 0.14620938628158844
0 0.5512104283054003 0.7897111913357401 0.07697082557417753 0.2075812274368231
0 0.5499689633767846 0.4629963898916968 0.0782122905027933 0.19675090252707583
0 0.4478584729981378 0.44314079422382674 0.07510862818125388 0.18231046931407943
0 0.4410304158907511 0.7942238267148015 0.06890130353817504 0.18050541516245489
0 0.34543761638733705 0.44223826714801445 0.07386716325263812 0.16967509025270758
0 0.3435754189944134 0.7833935018050542 0.05772811918063315 0.1732851985559567
0 0.23867163252638113 0.47472924187725635 0.06765983860955928 0.23104693140794225
0 0.24705152079453754 0.8158844765342961 0.06083178150217256 0.16967509025270758
0 0.14059590316573556 0.805956678700361 0.08131595282433271 0.20397111913357402
0 0.14711359404096835 0.46389891696750907 0.07324643078833024 0.22382671480144406
0 0.040347610180012414 0.47472924187725635 0.07945375543140906 0.22743682310469315
0 0.03941651148355059 0.8104693140794225 0.06890130353817504 0.20216606498194947
