0 0.05039950829748002 0.13010204081632654 0.066379840196681 0.13435374149659862
0 0.14720344191763982 0.14370748299319727 0.04978488014751075 0.14795918367346939
0 0.24677320221266133 0.13605442176870747 0.05961893054701905 0.15986394557823128
0 0.34572833435771355 0.15051020408163265 0.05593116164720344 0.18197278911564624
0 0.4517516902274124 0.157312925170068 0.05531653349723417 0.17517006802721088
0 0.5476336816226183 0.13520408163265304 0.0725261216963737 0.17857142857142858
0 0.6502765826674861 0.1326530612244898 0.0762138905961893 0.16666666666666666
0 0.7424708051628764 0.14200680272108843 0.06392132759680393 0.17857142857142858
0 0.8435771358328211 0.1522108843537415 0.06576521204671174 0.195578231292517
0 0.9357713583282113 0.15051020408163265 0.07437000614628149 0.21598639455782312
0 0.9437615242778118 0.4685374149659864 0.06576521204671174 0.195578231292517
0 0.9406883835279655 0.7465986394557823 0.07068223724646588 0.15986394557823128
0 0.841118623232944 0.7636054421768708 0.06576521204671174 0.17687074829931973
0 0.8417332513829132 0.4574829931972789 0.06207744314689612 0.18027210884353742
0 0.743700061462815 0.4532312925170068 0.06760909649661954 0.2227891156462585
0 0.7375537799631222 0.7763605442176871 0.07006760909649662 0.18197278911564624
0 0.6404425322679779 0.4498299319727891 0.057775046097111246 0.1921768707482993
0 0.6432083589428396 0.7414965986394557 0.07068223724646588 0.19387755102040816
0 0.5439459127228027 0.7372448979591837 0.060233558696988314 0.17857142857142858
0 0.5491702519975414 0.4583333333333333 0.06576521204671174 0.1921768707482993
0 0.44683466502765823 0.45918367346938777 0.07006760909649662 0.19047619047619047
0 0.4413030116779348 0.7602040816326531 0.06883835279655807 0.2074829931972789
0 0.35095267363245236 0.44812925170068024 0.06515058389674247 0.195578231292517
0 0.3521819299323909 0.7670068027210885 0.06883835279655807 0.18707482993197277
0 0.2501536570374923 0.44387755102040816 0.07129686539643515 0.18707482993197277
0 0.2430854333128457 0.7482993197278911 0.05838967424708051 0.2074829931972789
0 0.14535955746773202 0.7517006802721088 0.06822372464658881 0.19047619047619047
0 0.14966195451751688 0.45918367346938777 0.057160417947141974 0.19387755102040816
0 0.05162876459741856 0.4498299319727891 0.06883835279655807 0.20238095238095238
0 0.04855562384757221 0.7695578231292517 0.07129686539643515 0.18197278911564624
