0 0.05198019801980198 0.1588628762541806 0.05693069306930693 0.1605351170568562
0 0.14882425742574257 0.15301003344481606 0.055074257425742575 0.17892976588628762
0 0.24040841584158415 0.15384615384615385 0.05631188118811881 0.1806020066889632
0 0.35396039603960394 0.14046822742474915 0.06930693069306931 0.16387959866220736
0 0.45173267326732675 0.14046822742474915 0.06806930693069307 0.14381270903010032
0 0.5467202970297029 0.17642140468227424 0.06621287128712872 0.18561872909698995
0 0.6454207920792079 0.1463210702341137 0.05693069306930693 0.17224080267558528
0 0.7469059405940595 0.1354515050167224 0.055693069306930694 0.17391304347826086
0 0.8449876237623762 0.16638795986622074 0.07116336633663367 0.18896321070234112
0 0.9436881188118812 0.13963210702341136 0.0594059405940594 0.17558528428093645
0 0.9452351485148515 0.45484949832775917 0.053836633663366336 0.18394648829431437
0 0.9375 0.7734113712374582 0.0594059405940594 0.19899665551839466
0 0.8589108910891089 0.7642140468227424 0.06064356435643564 0.1705685618729097
0 0.8548886138613861 0.46822742474916385 0.06745049504950495 0.18394648829431437
0 0.7586633663366337 0.4506688963210702 0.06311881188118812 0.1923076923076923
0 0.7524752475247525 0.7625418060200668 0.07301980198019802 0.1906354515050167
0 0.6429455445544554 0.7416387959866221 0.053217821782178217 0.18227424749163879
0 0.6500618811881188 0.45903010033444813 0.06373762376237624 0.16555183946488294
0 0.5461014851485149 0.4414715719063545 0.055074257425742575 0.1705685618729097
0 0.5491955445544554 0.7575250836120401 0.0686881188118812 0.18729096989966554
0 0.4467821782178218 0.7508361204013377 0.04579207920792079 0.16387959866220736
0 0.44801980198019803 0.4389632107023411 0.05816831683168317 0.16555183946488294
0 0.3431311881188119 0.45903010033444813 0.05631188118811881 0.17558528428093645
0 0.3483910891089109 0.7625418060200668 0.06930693069306931 0.16722408026755853
0 0.24566831683168316 0.7491638795986622 0.054455445544554455 0.16722408026755853
0 0.15099009900990099 0.75 0.0655940594059406 0.18896321070234112
0 0.04733910891089109 0.7809364548494984 0.05754950495049505 0.17391304347826086
0 0.04331683168316832 0.44732441471571904 0.0594059405940594 0.18561872909698995
0 0.14882425742574257 0.4406354515050167 0.06745049504950495 0.16555183946488294
0 0.24752475247524752 0.4807692307692308 0.06188118811881188 0.18227424749163879
