0 0.05572565829761176 0.22051696284329564 0.06858542559706063 0.16962843295638128
0 0.15217391304347827 0.22132471728594508 0.06184935701163503 0.16155088852988692
0 0.25382731169626455 0.21163166397415187 0.07042253521126761 0.17447495961227788
0 0.34782608695652173 0.21405492730210018 0.06368646662584201 0.1890145395799677
0 0.4516227801592162 0.2334410339256866 0.07287201469687692 0.16962843295638128
0 0.5517452541334966 0.22778675282714056 0.062461726883037354 0.18739903069466884
0 0.6521739130434783 0.21486268174474962 0.0747091243110839 0.17447495961227788
0 0.7556644213104715 0.23747980613893377 0.06858542559706063 0.1777059773828756
0 0.8469075321494183 0.21809369951534735 0.0747091243110839 0.17447495961227788
0 0.9522351500306185 0.22294022617124395 0.06368646662584201 0.19063004846526657
0 0.9445805266380894 0.5145395799676898 0.05572565829761176 0.1890145395799677
0 0.9396815676668708 0.7754442649434572 0.06429883649724434 0.1680129240710824
0 0.846601347213717 0.7770597738287561 0.065523576240049 0.18739903069466884
0 0.7553582363747704 0.5177705977382876 0.05695039804041641 0.15993537964458807
0 0.7443355786895285 0.7851373182552505 0.06919779546846296 0.1938610662358643
0 0.6488058787507655 0.7891760904684976 0.06429883649724434 0.1987075928917609
0 0.6543172075933864 0.5016155088852989 0.06429883649724434 0.15993537964458807
0 0.5422535211267606 0.5145395799676898 0.06062461726883037 0.1890145395799677
0 0.5465401102265769 0.7778675282714056 0.05695039804041641 0.15024232633279483
0 0.451316595223515 0.7738287560581584 0.05511328842620943 0.13570274636510501
0 0.4482547458665034 0.5185783521809371 0.06736068585425597 0.18093699515347336
0 0.35762400489895896 0.5161550888529888 0.06736068585425597 0.20193861066235866
0 0.3524188609920392 0.778675282714055 0.06919779546846296 0.1680129240710824
0 0.25382731169626455 0.7794830371567044 0.06429883649724434 0.17609046849757676
0 0.25260257195345986 0.5242326332794831 0.07899571341090018 0.16962843295638128
0 0.15676668707899571 0.4903069466882068 0.06858542559706063 0.18578352180936997
0 0.1586037966932027 0.7754442649434572 0.06368646662584201 0.1680129240710824
0 0.06062461726883037 0.7859450726978999 0.07103490508266994 0.17609046849757676
0 0.06674831598285365 0.5088852988691438 0.05878750765462339 0.1841680129240711
