0 0.050764525993883786 0.23322683706070285 0.06116207951070336 0.17891373801916932
0 0.15168195718654434 0.21645367412140573 0.05749235474006116 0.1741214057507987
0 0.25076452599388377 0.22763578274760382 0.05626911314984709 0.1964856230031949
0 0.3400611620795107 0.22124600638977635 0.06116207951070336 0.18370607028753994
0 0.44862385321100917 0.21805111821086262 0.0654434250764526 0.17731629392971246
0 0.5415902140672783 0.22603833865814696 0.05321100917431192 0.18690095846645366
0 0.6434250764525994 0.21805111821086262 0.07584097859327217 0.1900958466453674
0 0.7428134556574923 0.21166134185303515 0.06299694189602446 0.1645367412140575
0 0.846177370030581 0.23083067092651757 0.06299694189602446 0.17731629392971246
0 0.9363914373088684 0.23801916932907347 0.06360856269113149 0.1693290734824281
0 0.9333333333333332 0.5 0.05626911314984709 0.1693290734824281
0 0.9382262996941896 0.7915335463258786 0.06360856269113149 0.16773162939297123
0 0.8529051987767584 0.805111821086262 0.05443425076452599 0.16613418530351437
0 0.8425076452599388 0.5071884984025559 0.06422018348623852 0.18370607028753994
0 0.7431192660550459 0.4984025559105431 0.06116207951070336 0.1437699680511182
0 0.7327217125382263 0.8083067092651757 0.055045871559633024 0.17891373801916932
0 0.6321100917431193 0.792332268370607 0.056880733944954125 0.17891373801916932
0 0.6455657492354739 0.5087859424920128 0.07033639143730887 0.18690095846645366
0 0.5409785932721712 0.5223642172523961 0.06422018348623852 0.1501597444089457
0 0.5492354740061162 0.7939297124600638 0.06116207951070336 0.1693290734824281
0 0.4541284403669725 0.5047923322683706 0.056880733944954125 0.1853035143769968
0 0.4470948012232416 0.7995207667731629 0.058715596330275226 0.16134185303514376
0 0.3498470948012232 0.5159744408945687 0.06116207951070336 0.1597444089456869
0 0.3388379204892966 0.8043130990415335 0.05259938837920489 0.17731629392971246
0 0.25779816513761467 0.8083067092651757 0.05810397553516819 0.17252396166134185
0 0.24892966360856267 0.5207667731629393 0.05749235474006116 0.1693290734824281
0 0.14862385321100915 0.4952076677316294 0.06360856269113149 0.1597444089456869
0 0.1492354740061162 0.779552715654952 0.06483180428134556 0.17891373801916932
0 0.05015290519877676 0.786741214057508 0.0672782874617737 0.18051118210862618
0 0.05290519877675841 0.4912140575079872 0.06299694189602446 0.17731629392971246
