0 0.045370938074800735 0.2066115702479339 0.056407112201103615 0.18512396694214875
0 0.14530962599632127 0.2165289256198347 0.052728387492335986 0.15537190082644628
0 0.23973022685469036 0.20826446280991734 0.06253832004904966 0.16859504132231404
0 0.34304107909258125 0.2066115702479339 0.06315144083384426 0.1652892561983471
0 0.44052728387492335 0.2330578512396694 0.05579399141630901 0.15206611570247933
0 0.5429184549356223 0.2190082644628099 0.05947271612507664 0.1768595041322314
0 0.6477621091354997 0.20743801652892563 0.06560392397302268 0.18347107438016527
0 0.7477007970570202 0.2066115702479339 0.05702023298589822 0.1652892561983471
0 0.835683629675046 0.22644628099173553 0.06253832004904966 0.16859504132231404
0 0.9343960760269773 0.21322314049586777 0.06866952789699571 0.19504132231404958
0 0.9457388105456774 0.5099173553719009 0.058246474555487426 0.18016528925619835
0 0.9414469650521152 0.8016528925619835 0.061925199264255056 0.16859504132231404
0 0.8390557939914163 0.7892561983471075 0.06437768240343347 0.15702479338842976
0 0.8344573881054568 0.5066115702479339 0.0551808706315144 0.1768595041322314
0 0.7477007970570202 0.5074380165289256 0.05702023298589822 0.17520661157024792
0 0.745554874310239 0.7942148760330578 0.0674432863274065 0.19999999999999998
0 0.641017780502759 0.7958677685950413 0.061925199264255056 0.1933884297520661
0 0.6468424279583077 0.5 0.056407112201103615 0.18347107438016527
0 0.5389331698344574 0.5041322314049587 0.06989576946658492 0.19834710743801653
0 0.5413856529736357 0.7999999999999999 0.05763335377069282 0.19834710743801653
0 0.44297976701410174 0.7859504132231405 0.05579399141630901 0.15041322314049588
0 0.44665849172286937 0.5140495867768595 0.06437768240343347 0.16859504132231404
0 0.3369098712446352 0.5099173553719009 0.058246474555487426 0.18677685950413223
0 0.34365419987737583 0.8016528925619835 0.07296137339055793 0.19504132231404958
0 0.25015328019619865 0.8107438016528925 0.06499080318822807 0.16033057851239668
0 0.25413856529736356 0.5140495867768595 0.061925199264255056 0.16859504132231404
0 0.1508277130594727 0.5074380165289256 0.06253832004904966 0.17520661157024792
0 0.1499080318822808 0.7966942148760331 0.05947271612507664 0.17520661157024792
0 0.04843654199877376 0.5057851239669421 0.06376456161863887 0.1652892561983471
0 0.04199877375843041 0.815702479338843 0.06560392397302268 0.1768595041322314
