0 0.05194410692588092 0.21048387096774193 0.05771567436208991 0.18225806451612903
0 0.05467800729040097 0.47338709677419355 0.05589307411907654 0.1693548387096774
0 0.05589307411907654 0.8032258064516129 0.052247873633049814 0.14838709677419354
0 0.1421628189550425 0.7677419354838709 0.06318347509113001 0.17096774193548386
0 0.24301336573511542 0.8024193548387096 0.06804374240583232 0.17258064516129032
0 0.3508505467800729 0.7846774193548387 0.06136087484811664 0.1596774193548387
0 0.4434993924665856 0.7887096774193548 0.06561360874848116 0.16774193548387098
0 0.5416160388821385 0.7846774193548387 0.07108140947752126 0.19838709677419356
0 0.6482381530984204 0.7903225806451613 0.05589307411907654 0.17419354838709677
0 0.7393681652490887 0.7895161290322581 0.06439854191980558 0.17903225806451614
0 0.8335358444714459 0.7766129032258065 0.06561360874848116 0.19193548387096773
0 0.939246658566221 0.7814516129032258 0.051032806804374234 0.16612903225806452
0 0.9240583232077764 0.5290322580645161 0.06196840826245443 0.16129032258064516
0 0.8414337788578371 0.5056451612903226 0.06439854191980558 0.17580645161290323
0 0.7293438639125152 0.5112903225806451 0.06379100850546779 0.17419354838709677
0 0.6409477521263669 0.4854838709677419 0.07168894289185905 0.17419354838709677
0 0.5391859052247873 0.49274193548387096 0.06622114216281895 0.17580645161290323
0 0.44714459295261233 0.49274193548387096 0.06682867557715674 0.18870967741935485
0 0.3478128797083839 0.49435483870967745 0.05407047387606318 0.16612903225806452
0 0.25182260024301334 0.49032258064516127 0.07108140947752126 0.18064516129032257
0 0.15127582017010935 0.5056451612903226 0.07047387606318346 0.18548387096774194
0 0.15552855407047386 0.21370967741935484 0.06682867557715674 0.17903225806451614
0 0.25273390036452004 0.19838709677419356 0.06682867557715674 0.17419354838709677
0 0.3487241798298906 0.19919354838709677 0.06561360874848116 0.18225806451612903
0 0.44228432563791004 0.21048387096774193 0.07047387606318346 0.17903225806451614
0 0.5434386391251519 0.2 0.06379100850546779 0.18064516129032257
0 0.6415552855407047 0.22016129032258064 0.06804374240583232 0.1596774193548387
0 0.7363304981773997 0.18951612903225806 0.07047387606318346 0.1629032258064516
0 0.839003645200486 0.2 0.06439854191980558 0.1870967741935484
0 0.9231470230862696 0.20161290322580644 0.06622114216281895 0.17096774193548386
