0 0.052517091361093844 0.15543071161048688 0.06774394033561218 0.21722846441947566
0 0.044748290863890615 0.46441947565543074 0.052206339341205714 0.1797752808988764
0 0.045680546923555 0.8155430711610487 0.060285891858297073 0.21910112359550563
0 0.14356743318831572 0.7911985018726592 0.036047234307022995 0.1404494382022472
0 0.14822871348663766 0.4241573033707865 0.06650093225605966 0.14794007490636704
0 0.1497824735860783 0.15730337078651685 0.0733374766935985 0.21722846441947566
0 0.2507768800497203 0.1544943820224719 0.07022995649471721 0.21910112359550563
0 0.24487259167184586 0.5 0.04972032318210068 0.20224719101123595
0 0.23430702299564946 0.8155430711610487 0.04723430702299564 0.22659176029962547
0 0.3561218147917961 0.8258426966292135 0.05593536357986326 0.2247191011235955
0 0.34462399005593536 0.4906367041198502 0.06401491609695463 0.2209737827715356
0 0.3471100062150404 0.15262172284644196 0.07147296457426973 0.22284644194756553
0 0.45525170913610935 0.11610486891385768 0.07395898073337476 0.1947565543071161
0 0.45090118085767555 0.48314606741573035 0.05531385954008701 0.21348314606741572
0 0.44561839651957735 0.8202247191011236 0.04972032318210068 0.2209737827715356
0 0.5550031075201989 0.8267790262172284 0.0584213797389683 0.22284644194756553
0 0.6500932256059664 0.8014981273408239 0.0509633312616532 0.1947565543071161
0 0.7576134244872591 0.8183520599250936 0.06836544437538844 0.23595505617977527
0 0.8567433188315724 0.8136704119850188 0.06277190801740211 0.20411985018726592
0 0.9549409571162212 0.7911985018726592 0.04661280298321939 0.15168539325842698
0 0.9564947172156618 0.47097378277153557 0.04723430702299564 0.20037453183520598
0 0.858297078931013 0.44756554307116103 0.05344934742075823 0.1760299625468165
0 0.7703542573026724 0.450374531835206 0.056556867619639524 0.20037453183520598
0 0.6547545059042883 0.4812734082397004 0.05158483530142945 0.20973782771535582
0 0.5522063393412057 0.4906367041198502 0.05158483530142945 0.1760299625468165
0 0.557799875699192 0.11142322097378277 0.0764449968924798 0.19662921348314608
0 0.6367308887507769 0.12453183520599251 0.04661280298321939 0.2153558052434457
0 0.7529521441889372 0.149812734082397 0.05407085146053449 0.21348314606741572
0 0.8564325668116842 0.1601123595505618 0.0584213797389683 0.19288389513108614
0 0.9596022374145431 0.15168539325842698 0.05344934742075823 0.23595505617977527
