0 0.06203931203931204 0.21130030959752324 0.06142506142506143 0.16563467492260062
0 0.16185503685503685 0.20123839009287928 0.057125307125307126 0.15479876160990713
0 0.2549140049140049 0.19582043343653252 0.06756756756756757 0.14705882352941177
0 0.3571867321867322 0.21826625386996906 0.07678132678132678 0.17337461300309598
0 0.45423832923832924 0.21362229102167185 0.06081081081081081 0.14241486068111456
0 0.5611179361179361 0.21439628482972137 0.06449631449631449 0.1563467492260062
0 0.6501842751842751 0.2128482972136223 0.06449631449631449 0.14705882352941177
0 0.7570638820638821 0.21671826625386997 0.06326781326781326 0.15170278637770898
0 0.855958230958231 0.2105263157894737 0.06572481572481573 0.1671826625386997
0 0.9493243243243243 0.23606811145510836 0.06572481572481573 0.1780185758513932
0 0.9551597051597052 0.4907120743034056 0.06633906633906633 0.17027863777089786
0 0.952088452088452 0.7639318885448917 0.06756756756756757 0.17492260061919507
0 0.8522727272727273 0.7732198142414861 0.06572481572481573 0.17182662538699692
0 0.8492014742014742 0.5015479876160991 0.05835380835380835 0.1826625386996904
0 0.7506142506142506 0.5 0.07493857493857493 0.17956656346749228
0 0.7515356265356266 0.7724458204334366 0.07923832923832924 0.1455108359133127
0 0.6550982800982801 0.771671826625387 0.055896805896805894 0.16563467492260062
0 0.6563267813267813 0.49535603715170284 0.057125307125307126 0.15170278637770898
0 0.5595823095823096 0.48606811145510836 0.06511056511056511 0.14860681114551083
0 0.5522113022113022 0.7701238390092879 0.06511056511056511 0.1625386996904025
0 0.4560810810810811 0.7631578947368421 0.05835380835380835 0.17027863777089786
0 0.45515970515970516 0.4899380804953561 0.06265356265356266 0.14396284829721362
0 0.3544226044226044 0.47445820433436536 0.06388206388206388 0.1563467492260062
0 0.35902948402948404 0.7693498452012384 0.06449631449631449 0.15789473684210528
0 0.2589066339066339 0.7639318885448917 0.06449631449631449 0.15944272445820434
0 0.25675675675675674 0.48916408668730654 0.05896805896805897 0.1671826625386997
0 0.1597051597051597 0.47600619195046445 0.05896805896805897 0.13157894736842107
0 0.156019656019656 0.7685758513931888 0.060196560196560195 0.18111455108359134
0 0.06541769041769041 0.7530959752321982 0.06572481572481573 0.13777089783281735
0 0.06633906633906633 0.4837461300309598 0.05405405405405405 0.13157894736842107
