0 0.05781057810578106 0.1971383147853736 0.05658056580565806 0.1875993640699523
0 0.05227552275522755 0.4992050874403816 0.07503075030750307 0.17806041335453102
0 0.05996309963099631 0.7631160572337043 0.07072570725707257 0.20031796502384738
0 0.15744157441574416 0.7790143084260732 0.07626076260762608 0.20031796502384738
0 0.25461254612546125 0.7662957074721781 0.07380073800738007 0.1907790143084261
0 0.3465559655596556 0.7670906200317965 0.06457564575645756 0.17647058823529413
0 0.44587945879458796 0.7527821939586646 0.06396063960639607 0.17011128775834658
0 0.5531980319803198 0.760731319554849 0.07072570725707257 0.18282988871224168
0 0.6592865928659287 0.7496025437201909 0.05781057810578106 0.16057233704292528
0 0.7524600246002461 0.748012718600954 0.06211562115621157 0.16693163751987283
0 0.8520910209102092 0.7519872813990461 0.059655596555965563 0.16852146263910972
0 0.9501845018450185 0.767885532591415 0.07257072570725707 0.1971383147853736
0 0.9547970479704797 0.4841017488076312 0.05719557195571956 0.19236883942766297
0 0.8536285362853628 0.4841017488076312 0.06396063960639607 0.1987281399046105
0 0.7558425584255842 0.46820349761526237 0.05166051660516605 0.1414944356120827
0 0.6503690036900369 0.4785373608903021 0.059655596555965563 0.16216216216216217
0 0.5562730627306274 0.48012718600953896 0.06088560885608856 0.14308426073131955
0 0.4591020910209102 0.4952305246422894 0.06088560885608856 0.16057233704292528
0 0.34932349323493234 0.4920508744038156 0.06519065190651907 0.1478537360890302
0 0.25276752767527677 0.472972972972973 0.07626076260762608 0.17647058823529413
0 0.15713407134071342 0.49046104928457873 0.06334563345633457 0.13513513513513514
0 0.1577490774907749 0.18600953895071543 0.046125461254612546 0.13672496025437203
0 0.254920049200492 0.18521462639109698 0.06088560885608856 0.1573926868044515
0 0.35301353013530135 0.18600953895071543 0.06027060270602706 0.1494435612082671
0 0.45387453874538747 0.18203497615262323 0.06396063960639607 0.1478537360890302
0 0.5541205412054121 0.20349761526232116 0.07134071340713408 0.17170111287758347
0 0.6463714637146372 0.19316375198728142 0.05658056580565806 0.13831478537360892
0 0.7527675276752768 0.19952305246422894 0.06519065190651907 0.15421303656597776
0 0.8493234932349324 0.21542130365659778 0.059040590405904064 0.12241653418124007
0 0.9464944649446495 0.20111287758346583 0.06519065190651907 0.14467408585055644
