0 0.05925473427000611 0.19425675675675677 0.0708613317043372 0.18243243243243246
0 0.05894929749541845 0.4907094594594595 0.05925473427000611 0.16047297297297297
0 0.056200366524129505 0.7947635135135136 0.06353084911423336 0.1908783783783784
0 0.15852168601099573 0.7880067567567568 0.05436774587660354 0.15033783783783786
0 0.16065974343310935 0.49662162162162166 0.064752596212584 0.19256756756756757
0 0.1572999389126451 0.19425675675675677 0.06658521686010996 0.1722972972972973
0 0.25534514355528404 0.18581081081081083 0.06230910201588272 0.17905405405405406
0 0.25870494807574834 0.5033783783783784 0.06658521686010996 0.17567567567567569
0 0.25473427000610877 0.7905405405405406 0.0500916310323763 0.18243243243243246
0 0.3521686010995724 0.7837837837837838 0.05925473427000611 0.18243243243243246
0 0.356139279169212 0.4831081081081081 0.05864386072083079 0.15202702702702703
0 0.3536957849725107 0.1875 0.06230910201588272 0.19932432432432434
0 0.4517409896151497 0.1875 0.055589492974954184 0.1587837837837838
0 0.45571166768478927 0.49915540540540543 0.05986560781918143 0.18412162162162163
0 0.4535736102626756 0.8006756756756758 0.06047648136835675 0.18243243243243246
0 0.5412339645693341 0.7618243243243243 0.05742211362248015 0.16891891891891891
0 0.6463042150274894 0.7871621621621622 0.05375687232742822 0.17567567567567569
0 0.746487477092242 0.7761824324324325 0.05864386072083079 0.18074324324324326
0 0.8466707391569945 0.7863175675675677 0.064752596212584 0.17736486486486489
0 0.9376908979841173 0.78125 0.05986560781918143 0.1908783783783784
0 0.9517409896151497 0.5 0.056200366524129505 0.17905405405405406
0 0.853390348197923 0.49155405405405406 0.064752596212584 0.16216216216216217
0 0.7480146609651802 0.48564189189189194 0.07025045815516189 0.1875
0 0.645693341478314 0.4898648648648649 0.05497861942577886 0.1722972972972973
0 0.5534514355528406 0.5 0.07330482590103848 0.16216216216216217
0 0.5528405620036653 0.18243243243243246 0.05497861942577886 0.16891891891891891
0 0.6472205253512523 0.18327702702702703 0.06414172266340867 0.18074324324324326
0 0.7501527183872938 0.18665540540540543 0.0708613317043372 0.19425675675675677
0 0.8439218081857056 0.18665540540540543 0.05070250458155162 0.17398648648648649
0 0.9410507025045816 0.18665540540540543 0.06047648136835675 0.19763513513513514
