0 0.05748175182481752 0.22646103896103897 0.06873479318734793 0.15746753246753248
0 0.14963503649635038 0.2280844155844156 0.06204379562043796 0.1801948051948052
0 0.2582116788321168 0.25 0.07116788321167883 0.18181818181818182
0 0.35705596107055965 0.24594155844155846 0.06204379562043796 0.15746753246753248
0 0.45255474452554745 0.24512987012987014 0.06569343065693431 0.16558441558441558
0 0.5483576642335767 0.23214285714285715 0.06386861313868614 0.16883116883116883
0 0.6490267639902677 0.24107142857142858 0.06569343065693431 0.16720779220779222
0 0.7503041362530414 0.24107142857142858 0.07481751824817519 0.17370129870129872
0 0.8442822384428224 0.2280844155844156 0.07542579075425791 0.1931818181818182
0 0.940389294403893 0.23133116883116886 0.07420924574209246 0.19642857142857145
0 0.9413017031630171 0.5097402597402598 0.07603406326034064 0.18181818181818182
0 0.9355231143552312 0.8295454545454546 0.06204379562043796 0.17532467532467533
0 0.8412408759124088 0.5202922077922079 0.07299270072992702 0.16071428571428573
0 0.8442822384428224 0.7995129870129871 0.07420924574209246 0.16720779220779222
0 0.7451338199513382 0.7978896103896105 0.06690997566909976 0.13474025974025974
0 0.749087591240876 0.4983766233766234 0.060218978102189784 0.12987012987012989
0 0.6502433090024331 0.4975649350649351 0.06447688564476886 0.14123376623376624
0 0.6535888077858881 0.7930194805194806 0.07116788321167883 0.12824675324675325
0 0.5495742092457421 0.5008116883116883 0.06751824817518248 0.15746753246753248
0 0.5559610705596107 0.8003246753246753 0.07420924574209246 0.14285714285714288
0 0.4504257907542579 0.5016233766233766 0.07360097323600974 0.17532467532467533
0 0.4510340632603406 0.7987012987012988 0.07116788321167883 0.16883116883116883
0 0.3555352798053528 0.49918831168831174 0.07481751824817519 0.16396103896103897
0 0.3515815085158151 0.7913961038961039 0.0681265206812652 0.14123376623376624
0 0.25699513381995137 0.49918831168831174 0.07725060827250609 0.15097402597402598
0 0.25517031630170317 0.8157467532467533 0.07360097323600974 0.15097402597402598
0 0.16149635036496351 0.502435064935065 0.07481751824817519 0.16396103896103897
0 0.15875912408759124 0.7922077922077922 0.06082725060827251 0.14610389610389612
0 0.06326034063260341 0.7832792207792209 0.06934306569343066 0.13474025974025974
0 0.060523114355231146 0.512987012987013 0.060218978102189784 0.13636363636363638
