0 0.04661280298321939 0.15735567970204842 0.05593536357986326 0.20670391061452514
0 0.04723430702299564 0.43202979515828677 0.07955251709136109 0.1527001862197393
0 0.04505904288377874 0.8100558659217877 0.0764449968924798 0.2271880819366853
0 0.14481044126786824 0.8175046554934823 0.0658794282162834 0.2346368715083799
0 0.24052206339341203 0.8165735567970205 0.06712243629583592 0.22160148975791433
0 0.1476072094468614 0.5037243947858473 0.0689869484151647 0.22160148975791433
0 0.13890615288999378 0.15549348230912477 0.060285891858297073 0.25139664804469275
0 0.2560596643878185 0.15363128491620112 0.06712243629583592 0.22905027932960895
0 0.25201988812927284 0.4823091247672253 0.07520198881292728 0.2309124767225326
0 0.34928527035425727 0.16201117318435754 0.060907395898073334 0.2383612662942272
0 0.3505282784338098 0.4813780260707635 0.06463642013673089 0.22905027932960895
0 0.35208203853325043 0.792364990689013 0.07271597265382225 0.17318435754189945
0 0.45618396519577376 0.7960893854748603 0.07458048477315102 0.21787709497206703
0 0.54816656308266 0.7867783985102421 0.06463642013673089 0.18063314711359404
0 0.5528278433809819 0.4739292364990689 0.07022995649471721 0.22532588454376165
0 0.45183343691733996 0.4823091247672253 0.07458048477315102 0.21601489757914338
0 0.4422001243008079 0.1610800744878957 0.05779987569919204 0.21415270018621974
0 0.5550031075201989 0.14059590316573556 0.07830950901180857 0.22160148975791433
0 0.6606587942821628 0.13687150837988826 0.0658794282162834 0.21042830540037244
0 0.6575512740832815 0.44692737430167595 0.07085146053449347 0.1787709497206704
0 0.6457426973275325 0.7886405959031657 0.06463642013673089 0.18435754189944134
0 0.7510876320696084 0.792364990689013 0.06401491609695463 0.16573556797020483
0 0.757302672467371 0.45716945996275604 0.052827843380981974 0.20297951582867785
0 0.7566811684275947 0.14059590316573556 0.07520198881292728 0.22905027932960895
0 0.8542573026724674 0.14432029795158285 0.05779987569919204 0.18063314711359404
0 0.8598508390304537 0.45996275605214154 0.07271597265382225 0.2048417132216015
0 0.855811062771908 0.8026070763500931 0.07955251709136109 0.22346368715083798
0 0.9586699813548788 0.8184357541899441 0.06774394033561218 0.22160148975791433
0 0.959291485394655 0.45716945996275604 0.052827843380981974 0.16201117318435754
0 0.9564947172156618 0.14338919925512103 0.0584213797389683 0.1824953445065177
