0 0.05197568389057751 0.06770833333333333 0.07598784194528876 0.11226851851851852
0 0.05015197568389058 0.2534722222222222 0.0662613981762918 0.10648148148148148
0 0.0541033434650456 0.45370370370370366 0.06565349544072949 0.11342592592592592
0 0.055319148936170216 0.6817129629629629 0.05592705167173253 0.1087962962962963
0 0.04893617021276596 0.8854166666666666 0.0723404255319149 0.11574074074074073
0 0.1507598784194529 0.880787037037037 0.06565349544072949 0.13425925925925924
0 0.24620060790273557 0.890625 0.060790273556231005 0.11921296296296295
0 0.24832826747720366 0.6799768518518519 0.07355623100303951 0.11689814814814814
0 0.3483282674772037 0.6840277777777778 0.06200607902735563 0.1273148148148148
0 0.4507598784194529 0.6788194444444444 0.06261398176291794 0.14004629629629628
0 0.5452887537993921 0.6695601851851851 0.07416413373860183 0.11921296296296295
0 0.6419452887537994 0.6805555555555555 0.06686930091185411 0.12037037037037036
0 0.737082066869301 0.6545138888888888 0.07477203647416414 0.11689814814814814
0 0.8401215805471125 0.6770833333333333 0.06686930091185411 0.13194444444444445
0 0.9310030395136779 0.6880787037037037 0.056534954407294835 0.13310185185185183
0 0.9276595744680852 0.47916666666666663 0.06322188449848025 0.11805555555555555
0 0.8355623100303952 0.4565972222222222 0.07720364741641338 0.10995370370370369
0 0.7379939209726444 0.46585648148148145 0.05835866261398177 0.10300925925925926
0 0.6434650455927052 0.4571759259259259 0.06990881458966566 0.1087962962962963
0 0.5443768996960486 0.45543981481481477 0.06382978723404256 0.10069444444444443
0 0.444984802431611 0.46759259259259256 0.06686930091185411 0.1388888888888889
0 0.34863221884498485 0.4751157407407407 0.06261398176291794 0.1423611111111111
0 0.24802431610942252 0.4664351851851852 0.06930091185410335 0.11805555555555555
0 0.15258358662613983 0.4565972222222222 0.06200607902735563 0.11921296296296295
0 0.15410334346504562 0.2488425925925926 0.078419452887538 0.12268518518518517
0 0.25258358662613983 0.24826388888888887 0.07477203647416414 0.11921296296296295
0 0.3474164133738602 0.25057870370370366 0.07477203647416414 0.11458333333333333
0 0.444984802431611 0.24652777777777776 0.07537993920972645 0.11574074074074073
0 0.5446808510638298 0.24710648148148145 0.07051671732522796 0.12152777777777778
0 0.6410334346504559 0.23958333333333331 0.0662613981762918 0.10416666666666666
0 0.7373860182370822 0.24652777777777776 0.059574468085106386 0.10185185185185185
0 0.8364741641337387 0.265625 0.07051671732522796 0.1261574074074074
0 0.9346504559270518 0.2534722222222222 0.07112462006079028 0.12037037037037036
0 0.9313069908814591 0.07002314814814814 0.07659574468085106 0.11921296296296295
0 0.8319148936170213 0.057870370370370364 0.07598784194528876 0.08564814814814814
0 0.7428571428571429 0.07118055555555555 0.07659574468085106 0.11458333333333333
0 0.6425531914893617 0.06481481481481481 0.08024316109422493 0.10185185185185185
0 0.5428571428571429 0.0636574074074074 0.07902735562310031 0.11574074074074073
0 0.4462006079027356 0.06655092592592592 0.07902735562310031 0.11226851851851852
0 0.34772036474164136 0.06886574074074074 0.07902735562310031 0.10763888888888888
0 0.24832826747720366 0.07118055555555555 0.07963525835866261 0.10763888888888888
0 0.14984802431610944 0.06481481481481481 0.08814589665653497 0.10185185185185185
