0 0.055319148936170216 0.20098846787479407 0.07173252279635259 0.171334431630972
0 0.152887537993921 0.1886326194398682 0.07477203647416414 0.14662273476112025
0 0.24954407294832828 0.19769357495881384 0.06869300911854104 0.16474464579901155
0 0.35106382978723405 0.1902800658978583 0.0723404255319149 0.14662273476112025
0 0.44924012158054716 0.19934102141680396 0.060790273556231005 0.13838550247116968
0 0.5434650455927053 0.214168039538715 0.06322188449848025 0.16803953871499178
0 0.6434650455927052 0.20098846787479407 0.07112462006079028 0.171334431630972
0 0.7382978723404255 0.1886326194398682 0.06382978723404256 0.14991762767710048
0 0.8355623100303952 0.19357495881383854 0.06139817629179332 0.15321252059308071
0 0.9367781155015198 0.21087314662273476 0.06200607902735563 0.1581548599670511
0 0.9373860182370821 0.5098846787479407 0.05835866261398177 0.19934102141680396
0 0.9407294832826748 0.8179571663920923 0.06382978723404256 0.1927512355848435
0 0.831306990881459 0.8080724876441516 0.0662613981762918 0.18616144975288304
0 0.8382978723404256 0.49670510708401977 0.05592705167173253 0.14991762767710048
0 0.7325227963525837 0.5057660626029654 0.06565349544072949 0.18451400329489293
0 0.739209726443769 0.8130148270181219 0.053495440729483285 0.16639209225700166
0 0.6416413373860183 0.5057660626029654 0.055319148936170216 0.16144975288303132
0 0.631306990881459 0.7883031301482701 0.05896656534954408 0.14991762767710048
0 0.5373860182370821 0.5123558484349259 0.053495440729483285 0.17792421746293247
0 0.548936170212766 0.8121911037891268 0.06930091185410335 0.19439868204283361
0 0.4458966565349544 0.4827018121911038 0.06747720364741641 0.1416803953871499
0 0.44528875379939215 0.7981878088962109 0.05896656534954408 0.1927512355848435
0 0.3443768996960487 0.49093904448105435 0.0541033434650456 0.13509060955518945
0 0.34650455927051677 0.8031301482701813 0.06930091185410335 0.1696869851729819
0 0.252887537993921 0.49093904448105435 0.05714285714285715 0.13509060955518945
0 0.24924012158054712 0.8023064250411862 0.06322188449848025 0.17792421746293247
0 0.15167173252279637 0.5098846787479407 0.0601823708206687 0.1696869851729819
0 0.1492401215805471 0.8056013179571664 0.049240121580547115 0.16474464579901155
0 0.04589665653495441 0.7973640856672158 0.0601823708206687 0.16474464579901155
0 0.053495440729483285 0.5074135090609555 0.060790273556231005 0.18451400329489293
