1 0.05796652200867947 0.18803418803418803 0.05889646621202727 0.1811965811965812
1 0.1587104773713577 0.18974358974358974 0.06447613143211407 0.19829059829059828
1 0.2532548047117173 0.2 0.07005579665220087 0.21196581196581196
1 0.3577185368877867 0.19914529914529913 0.06199628022318661 0.19316239316239317
1 0.4575325480471171 0.20085470085470086 0.0657160570365778 0.2
1 0.5548667079975201 0.18205128205128204 0.07067575945443273 0.17606837606837608
1 0.6599504029758214 0.1905982905982906 0.053936763794172345 0.18974358974358974
1 0.7606943583384996 0.19316239316239317 0.06075635461872288 0.19487179487179487
1 0.8567885926844389 0.18888888888888888 0.06199628022318661 0.19316239316239317
1 0.9621822690638562 0.18888888888888888 0.069435833849969 0.19316239316239317
1 0.9615623062616243 0.49230769230769234 0.0657160570365778 0.1811965811965812
1 0.9550526968381897 0.8025641025641026 0.07253564786112833 0.2
1 0.8629882207067575 0.7914529914529914 0.07811531308121512 0.2153846153846154
1 0.8549287042777433 0.48547008547008547 0.059516429014259145 0.19145299145299144
1 0.7594544327340359 0.49230769230769234 0.07191568505889646 0.18461538461538463
1 0.7563546187228766 0.805982905982906 0.07067575945443273 0.21367521367521367
1 0.6590204587724736 0.7931623931623931 0.06695598264104154 0.19145299145299144
1 0.6596404215747055 0.4666666666666667 0.05455672659640421 0.19145299145299144
1 0.5579665220086795 0.4905982905982906 0.058276503409795406 0.1675213675213675
1 0.5619962802231866 0.7982905982905983 0.06633601983880967 0.20512820512820512
1 0.4572225666460012 0.48205128205128206 0.06633601983880967 0.18803418803418803
1 0.4575325480471171 0.7931623931623931 0.06819590824550527 0.21196581196581196
1 0.35709857408555484 0.48547008547008547 0.06075635461872288 0.1675213675213675
1 0.3539987600743955 0.7991452991452992 0.06695598264104154 0.21367521367521367
1 0.25666460012399256 0.48717948717948717 0.06695598264104154 0.19487179487179487
1 0.25666460012399256 0.8008547008547009 0.058276503409795406 0.19658119658119658
1 0.15716057036577805 0.49743589743589745 0.0675759454432734 0.21196581196581196
0 0.15499070055796652 0.8034188034188035 0.06695598264104154 0.2188034188034188
0 0.06075635461872288 0.4948717948717949 0.07191568505889646 0.21025641025641026
1 0.05889646621202727 0.7957264957264957 0.0731556106633602 0.21367521367521367
