1 0.047737135771853685 0.1563071297989031 0.069435833849969 0.1882998171846435
1 0.15468071915685058 0.15447897623400367 0.05889646621202727 0.1663619744058501
1 0.2523248605083695 0.16087751371115175 0.0657160570365778 0.16819012797074953
1 0.3539987600743955 0.14716636197440586 0.069435833849969 0.19195612431444242
1 0.3688778673279603 0.4396709323583181 0.05331680099194048 0.15173674588665448
1 0.3490390576565406 0.7943327239488117 0.0657160570365778 0.20292504570383912
1 0.25077495350278983 0.7961608775137111 0.06881587104773713 0.22120658135283364
1 0.24984500929944203 0.4725776965265082 0.0657160570365778 0.24680073126142596
1 0.15406075635461872 0.473491773308958 0.05765654060756354 0.18281535648994515
1 0.14972101673899565 0.8135283363802559 0.05889646621202727 0.17184643510054845
1 0.05424674519528828 0.8053016453382084 0.06881587104773713 0.21023765996343693
1 0.053006819590824546 0.47989031078610606 0.05765654060756354 0.21389396709323583
1 0.45567265964042153 0.16453382084095064 0.0657160570365778 0.17550274223034734
1 0.45226286422814627 0.4689213893967093 0.06261624302541847 0.20292504570383912
1 0.45102293862368253 0.8016453382084096 0.0675759454432734 0.1956124314442413
1 0.5582765034097954 0.15082266910420475 0.07253564786112833 0.21023765996343693
1 0.5573465592064476 0.4853747714808044 0.0657160570365778 0.21389396709323583
1 0.5505269683818971 0.8153564899451554 0.07067575945443273 0.18647166361974407
1 0.6537507749535028 0.8153564899451554 0.06013639181649101 0.19744058500914077
1 0.7513949163050216 0.8117001828153565 0.06447613143211407 0.19378427787934185
1 0.8508989460632361 0.7952468007312614 0.06881587104773713 0.19744058500914077
1 0.9562926224426535 0.8117001828153565 0.06633601983880967 0.19378427787934185
1 0.9525728456292623 0.48080438756855576 0.0712957222566646 0.19744058500914077
1 0.8493490390576565 0.47074954296160876 0.07067575945443273 0.1773308957952468
1 0.754494730316181 0.46617915904936014 0.06447613143211407 0.21937842778793418
1 0.6506509609423434 0.4844606946983547 0.0750154990700558 0.20840950639853748
1 0.6531308121512709 0.15996343692870202 0.06633601983880967 0.22120658135283364
1 0.7513949163050216 0.1526508226691042 0.06447613143211407 0.1809872029250457
1 0.8530688158710477 0.13528336380255943 0.0657160570365778 0.17184643510054845
1 0.9541227526348419 0.13893967093235832 0.0731556106633602 0.18281535648994515
