1 0.05219271155033972 0.1923728813559322 0.06609017912291539 0.20508474576271185
1 0.05003088326127239 0.49322033898305084 0.05188387893761581 0.16271186440677965
1 0.056825200741198276 0.7898305084745763 0.07659048795552811 0.17966101694915254
1 0.14762198888202596 0.7974576271186441 0.06547251389746758 0.19491525423728814
1 0.15565163681284744 0.4966101694915254 0.06670784434836319 0.16610169491525423
1 0.15781346510191477 0.19576271186440677 0.07226683137739345 0.20847457627118643
1 0.25725756639901176 0.19915254237288135 0.07350216182828907 0.18135593220338983
1 0.25633106856084004 0.4830508474576271 0.0592958616429895 0.17627118644067796
1 0.2612723903644225 0.7838983050847458 0.06794317479925881 0.16779661016949152
1 0.3542310067943175 0.8084745762711865 0.07350216182828907 0.19322033898305085
1 0.4546016059295862 0.7999999999999999 0.06917850525015443 0.18305084745762712
1 0.5537368746139593 0.7915254237288135 0.07844348363187154 0.19322033898305085
1 0.6550339715873996 0.7915254237288135 0.0759728227300803 0.18305084745762712
1 0.753551575046325 0.7915254237288135 0.07041383570105003 0.15932203389830507
1 0.8508338480543546 0.7932203389830508 0.07350216182828907 0.19322033898305085
1 0.9533662754786906 0.8008474576271186 0.056207535515750466 0.16440677966101694
1 0.9546016059295862 0.4906779661016949 0.06609017912291539 0.1983050847457627
1 0.8545398394070415 0.4906779661016949 0.06361951822112416 0.17796610169491525
1 0.7547869054972206 0.4906779661016949 0.055589870290302656 0.17796610169491525
1 0.6519456454601606 0.48813559322033895 0.06856084002470661 0.22033898305084745
1 0.5549722050648549 0.5067796610169492 0.06238418777022854 0.17627118644067796
1 0.45243977764051885 0.5042372881355932 0.07473749227918469 0.19491525423728814
1 0.3539221741815936 0.4966101694915254 0.06547251389746758 0.16610169491525423
1 0.352686843730698 0.18389830508474575 0.06300185299567634 0.17796610169491525
1 0.4468807906114886 0.19915254237288135 0.07103150092649785 0.20169491525423727
1 0.5487955528103768 0.1966101694915254 0.05744286596664608 0.14576271186440679
1 0.6491661519456455 0.2135593220338983 0.06917850525015443 0.1864406779661017
1 0.7569487337862879 0.19745762711864406 0.06485484867201977 0.19491525423728814
1 0.8542310067943175 0.1906779661016949 0.06794317479925881 0.20169491525423727
1 0.9484249536751082 0.18728813559322033 0.06114885731933293 0.20169491525423727
