1 0.058302808302808304 0.17801047120418848 0.06043956043956044 0.15008726003490402
1 0.15598290598290598 0.193717277486911 0.07387057387057387 0.19546247818499127
1 0.25518925518925517 0.17102966841186737 0.0463980463980464 0.17452006980802792
1 0.257020757020757 0.49912739965095987 0.06105006105006105 0.18150087260034906
1 0.15262515262515264 0.5087260034904014 0.05982905982905983 0.19720767888307156
1 0.05708180708180708 0.5026178010471204 0.07264957264957266 0.20593368237347295
1 0.054334554334554336 0.8219895287958116 0.054945054945054944 0.20593368237347295
1 0.15293040293040294 0.818499127399651 0.059218559218559216 0.17452006980802792
1 0.2509157509157509 0.8115183246073299 0.054945054945054944 0.17102966841186737
1 0.3522588522588523 0.8211169284467714 0.054945054945054944 0.18324607329842932
1 0.44902319902319904 0.8158813263525305 0.05311355311355311 0.18324607329842932
1 0.5515873015873016 0.8071553228621292 0.06532356532356533 0.1762652705061082
1 0.6507936507936508 0.8054101221640488 0.06471306471306472 0.1762652705061082
1 0.746947496947497 0.8045375218150087 0.06043956043956044 0.16055846422338568
1 0.8455433455433455 0.8211169284467714 0.06105006105006105 0.19022687609075045
1 0.942002442002442 0.7931937172774869 0.0695970695970696 0.2111692844677138
1 0.945054945054945 0.4973821989528796 0.07203907203907203 0.2198952879581152
1 0.9453601953601953 0.18150087260034906 0.07264957264957266 0.19895287958115185
1 0.8421855921855922 0.19284467713787085 0.06654456654456654 0.20418848167539266
1 0.8492063492063492 0.5113438045375218 0.05982905982905983 0.21291448516579406
1 0.7457264957264957 0.5087260034904014 0.061660561660561664 0.20418848167539266
1 0.746947496947497 0.19458987783595114 0.057997557997558 0.2286212914485166
1 0.6514041514041514 0.19458987783595114 0.0757020757020757 0.22164048865619546
1 0.6486568986568987 0.5157068062827225 0.06043956043956044 0.20767888307155324
1 0.550976800976801 0.5130890052356021 0.06532356532356533 0.21291448516579406
1 0.550976800976801 0.18411867364746945 0.061660561660561664 0.19022687609075045
1 0.45085470085470086 0.19022687609075045 0.06532356532356533 0.19546247818499127
1 0.452991452991453 0.5113438045375218 0.05860805860805861 0.2094240837696335
1 0.351953601953602 0.5095986038394416 0.07142857142857142 0.20593368237347295
1 0.35622710622710624 0.16841186736474695 0.05555555555555555 0.18673647469458987
