1 0.05350553505535056 0.14142335766423358 0.07134071340713408 0.19160583941605838
1 0.1466789667896679 0.1386861313868613 0.06334563345633457 0.19343065693430656
1 0.2558425584255843 0.125 0.07011070110701108 0.17335766423357662
1 0.35393603936039364 0.12773722627737225 0.07810578105781057 0.20072992700729927
1 0.44649446494464945 0.1386861313868613 0.06519065190651907 0.18248175182481752
1 0.550430504305043 0.12591240875912407 0.059040590405904064 0.20072992700729927
1 0.6512915129151292 0.12864963503649635 0.07503075030750307 0.21350364963503649
1 0.7460024600246002 0.12591240875912407 0.07503075030750307 0.2116788321167883
1 0.8477859778597786 0.1468978102189781 0.06334563345633457 0.20255474452554745
1 0.942189421894219 0.1332116788321168 0.06027060270602706 0.20802919708029197
1 0.942189421894219 0.4635036496350365 0.06642066420664207 0.22262773722627738
1 0.9443419434194342 0.7937956204379562 0.07318573185731858 0.22627737226277372
1 0.8437884378843789 0.45894160583941607 0.07011070110701108 0.21715328467153283
1 0.8459409594095941 0.7874087591240876 0.06457564575645756 0.20985401459854014
1 0.7456949569495696 0.4680656934306569 0.07195571955719557 0.22080291970802918
1 0.7472324723247232 0.7937956204379562 0.07011070110701108 0.22262773722627738
1 0.6448339483394834 0.4534671532846715 0.06457564575645756 0.19160583941605838
1 0.6463714637146372 0.7892335766423357 0.06273062730627306 0.2354014598540146
1 0.5513530135301353 0.46441605839416056 0.07072570725707257 0.21715328467153283
1 0.5513530135301353 0.7664233576642335 0.06580565805658056 0.1970802919708029
1 0.45018450184501846 0.4680656934306569 0.06765067650676507 0.22080291970802918
1 0.4489544895448955 0.781934306569343 0.06027060270602706 0.18795620437956204
1 0.3477859778597786 0.4616788321167883 0.06334563345633457 0.20802919708029197
1 0.3410209102091021 0.7773722627737226 0.05842558425584256 0.20437956204379562
1 0.247539975399754 0.4680656934306569 0.07072570725707257 0.20255474452554745
1 0.2493849938499385 0.781934306569343 0.06211562115621157 0.20985401459854014
1 0.1515990159901599 0.45985401459854014 0.06088560885608856 0.17883211678832117
1 0.1497539975399754 0.7855839416058394 0.07441574415744158 0.22080291970802918
1 0.05166051660516605 0.45072992700729925 0.06150061500615006 0.19343065693430656
1 0.04920049200492005 0.7992700729927007 0.06273062730627306 0.22627737226277372
