1 0.05121951219512195 0.15732368896925858 0.04878048780487805 0.18806509945750452
1 0.051829268292682924 0.484629294755877 0.058536585365853655 0.17721518987341772
1 0.05518292682926829 0.8083182640144665 0.05914634146341463 0.17721518987341772
1 0.1521341463414634 0.8056057866184448 0.060365853658536583 0.18987341772151897
1 0.15579268292682927 0.4819168173598553 0.05060975609756098 0.16455696202531644
1 0.15060975609756097 0.16003616636528029 0.05731707317073171 0.21880650994575043
1 0.2548780487804878 0.15370705244122965 0.05365853658536585 0.19891500904159132
1 0.2503048780487805 0.48643761301989147 0.048170731707317074 0.16998191681735986
0 0.45152439024390245 0.47739602169981915 0.0676829268292683 0.16998191681735986
1 0.9469512195121951 0.8092224231464737 0.06829268292682927 0.17540687160940324
1 0.8515243902439025 0.8155515370705244 0.0701219512195122 0.19891500904159132
0 0.25182926829268293 0.8137432188065099 0.06585365853658537 0.19168173598553345
1 0.35060975609756095 0.8001808318264014 0.06097560975609756 0.19710669077757684
1 0.4551829268292683 0.7974683544303797 0.05548780487804878 0.17721518987341772
1 0.551219512195122 0.7974683544303797 0.05731707317073171 0.1735985533453888
1 0.6521341463414634 0.8019891500904159 0.060365853658536583 0.20072332730560577
1 0.7509146341463414 0.7956600361663653 0.05914634146341463 0.15913200723327306
1 0.6460365853658536 0.47377938517179025 0.05914634146341463 0.18083182640144665
1 0.7481707317073171 0.48010849909584086 0.05365853658536585 0.17540687160940324
1 0.8484756097560976 0.4638336347197107 0.061585365853658536 0.18625678119349004
1 0.9506097560975609 0.4792043399638336 0.06707317073170732 0.18083182640144665
1 0.9597560975609756 0.17811934900542495 0.06341463414634146 0.2043399638336347
1 0.8460365853658537 0.14647377938517178 0.061585365853658536 0.1518987341772152
1 0.7475609756097561 0.14285714285714285 0.06341463414634146 0.16636528028933092
1 0.6451219512195122 0.15461121157323687 0.06341463414634146 0.17540687160940324
1 0.5521341463414634 0.15009041591320071 0.05914634146341463 0.16998191681735986
1 0.44878048780487806 0.1491862567811935 0.04390243902439024 0.17540687160940324
1 0.35091463414634144 0.1518987341772152 0.05060975609756098 0.17721518987341772
1 0.3521341463414634 0.48010849909584086 0.057926829268292686 0.18625678119349004
1 0.5545731707317073 0.48010849909584086 0.051829268292682924 0.1826401446654611
