1 0.05332114564290067 0.19197952218430034 0.07007921998781232 0.18941979522184302
1 0.05819622181596588 0.5162116040955631 0.0542352224253504 0.1757679180887372
1 0.050578915295551495 0.8046075085324232 0.057282145033516155 0.17918088737201365
1 0.1453382084095064 0.802901023890785 0.0530164533820841 0.16894197952218432
1 0.24497257769652653 0.802901023890785 0.06337599024984766 0.18941979522184302
1 0.34673979280926265 0.802901023890785 0.06703229737964655 0.16894197952218432
1 0.4439366240097502 0.8003412969283277 0.0542352224253504 0.19112627986348124
1 0.5368677635588056 0.7943686006825939 0.058500914076782456 0.19965870307167236
1 0.6401584399756246 0.8165529010238908 0.0591102985984156 0.1825938566552901
1 0.7379646556977453 0.8080204778156996 0.05606337599024985 0.16894197952218432
1 0.8366849482023158 0.7935153583617748 0.058500914076782456 0.18771331058020477
1 0.9372333942717855 0.8071672354948806 0.05606337599024985 0.18430034129692832
1 0.9302254722730043 0.5034129692832765 0.056672760511883004 0.18430034129692832
1 0.8336380255941499 0.4991467576791809 0.07068860450944546 0.19965870307167236
1 0.7425350396099939 0.492320819112628 0.0603290676416819 0.17918088737201365
1 0.6422912858013407 0.49658703071672355 0.05971968312004875 0.20136518771331058
1 0.5487507617306521 0.5017064846416383 0.0542352224253504 0.16723549488054607
1 0.4460694698354662 0.48890784982935154 0.062157221206581355 0.18600682593856654
1 0.3482632541133455 0.5 0.0603290676416819 0.16723549488054607
1 0.251066422912858 0.5008532423208191 0.06093845216331505 0.1825938566552901
1 0.15234613040828765 0.4991467576791809 0.06581352833638025 0.1962457337883959
1 0.15173674588665448 0.18686006825938567 0.06337599024984766 0.2030716723549488
1 0.24741011578305913 0.18771331058020477 0.06581352833638025 0.16040955631399317
1 0.3443022547227301 0.19112627986348124 0.05971968312004875 0.18088737201365188
1 0.44881170018281535 0.18344709897610922 0.04692260816575259 0.17918088737201365
1 0.5399146861669714 0.20051194539249148 0.05606337599024985 0.1757679180887372
1 0.6468616697135893 0.20392491467576793 0.06642291285801341 0.19283276450511946
1 0.7379646556977453 0.19795221843003413 0.05606337599024985 0.18771331058020477
1 0.8382084095063986 0.2090443686006826 0.061547836684948204 0.1962457337883959
1 0.9421084704448508 0.20563139931740615 0.06459475929311397 0.17918088737201365
