1 0.05170278637770898 0.163302752293578 0.055108359133126936 0.23119266055045873
1 0.05015479876160991 0.5009174311926605 0.05325077399380805 0.21284403669724772
1 0.05108359133126935 0.8211009174311927 0.05015479876160991 0.1926605504587156
1 0.15356037151702787 0.8073394495412844 0.0520123839009288 0.1688073394495413
1 0.15108359133126936 0.48623853211009177 0.05077399380804954 0.1834862385321101
1 0.15325077399380807 0.16238532110091744 0.06873065015479876 0.20733944954128442
1 0.251702786377709 0.15321100917431194 0.056346749226006194 0.1889908256880734
1 0.25386996904024767 0.47614678899082574 0.06439628482972137 0.22201834862385322
1 0.2575851393188855 0.7972477064220184 0.05944272445820434 0.1889908256880734
1 0.360061919504644 0.7880733944954129 0.06873065015479876 0.20733944954128442
1 0.45541795665634677 0.8146788990825689 0.05015479876160991 0.1908256880733945
1 0.5492260061919505 0.7871559633027523 0.04458204334365325 0.1724770642201835
1 0.6554179566563468 0.7908256880733946 0.05882352941176471 0.21284403669724772
1 0.7535603715170279 0.8027522935779817 0.06315789473684211 0.1926605504587156
1 0.8513931888544892 0.808256880733945 0.06811145510835914 0.21467889908256882
1 0.946749226006192 0.8091743119266055 0.07678018575851393 0.23486238532110093
1 0.9560371517027865 0.46605504587155966 0.05696594427244582 0.1944954128440367
1 0.8507739938080496 0.47339449541284406 0.06315789473684211 0.22752293577981653
1 0.7498452012383902 0.4779816513761468 0.0606811145510836 0.21467889908256882
1 0.6591331269349846 0.46146788990825693 0.053869969040247684 0.1743119266055046
1 0.5563467492260062 0.46238532110091746 0.06625386996904026 0.1981651376146789
1 0.4538699690402477 0.47706422018348627 0.05325077399380805 0.1871559633027523
1 0.3520123839009288 0.47247706422018354 0.06377708978328174 0.1926605504587156
1 0.35263157894736846 0.163302752293578 0.055108359133126936 0.20550458715596331
1 0.45077399380804956 0.16788990825688074 0.05820433436532508 0.20733944954128442
1 0.5501547987616099 0.163302752293578 0.05015479876160991 0.1908256880733945
1 0.6526315789473685 0.1577981651376147 0.06811145510835914 0.20917431192660552
1 0.755108359133127 0.16238532110091744 0.05758513931888545 0.2036697247706422
1 0.8473684210526317 0.15321100917431194 0.06130030959752322 0.21834862385321102
1 0.948297213622291 0.1577981651376147 0.055108359133126936 0.1944954128440367
