1 0.046740467404674045 0.16970802919708028 0.06888068880688807 0.19343065693430656
1 0.0495079950799508 0.5027372262773723 0.06580565805658056 0.20255474452554745
1 0.053813038130381304 0.8211678832116788 0.06334563345633457 0.19343065693430656
1 0.15006150061500614 0.8093065693430657 0.06150061500615006 0.20985401459854014
1 0.1497539975399754 0.4817518248175182 0.06211562115621157 0.1897810218978102
1 0.1442189421894219 0.16058394160583941 0.06949569495694957 0.19343065693430656
1 0.24784747847478475 0.15054744525547445 0.059040590405904064 0.19160583941605838
1 0.24846248462484627 0.46532846715328463 0.05781057810578106 0.18248175182481752
1 0.24969249692496925 0.8102189781021898 0.06642066420664207 0.2116788321167883
1 0.3490159901599016 0.8056569343065693 0.06949569495694957 0.1843065693430657
1 0.4526445264452645 0.8047445255474452 0.059040590405904064 0.1970802919708029
1 0.5467404674046741 0.8129562043795621 0.06765067650676507 0.1843065693430657
1 0.6537515375153752 0.802007299270073 0.055350553505535055 0.19525547445255473
1 0.7490774907749078 0.8083941605839415 0.06273062730627306 0.2116788321167883
1 0.8471709717097171 0.8047445255474452 0.06334563345633457 0.22262773722627738
1 0.9455719557195572 0.8156934306569342 0.06334563345633457 0.218978102189781
1 0.9431119311193112 0.48083941605839414 0.06334563345633457 0.20985401459854014
1 0.8437884378843789 0.4726277372262774 0.07749077490774908 0.20072992700729927
1 0.7370848708487086 0.4726277372262774 0.06334563345633457 0.218978102189781
1 0.6543665436654367 0.47810218978102187 0.06765067650676507 0.22992700729927007
1 0.5461254612546126 0.4744525547445255 0.06888068880688807 0.2116788321167883
1 0.44803198031980324 0.48540145985401456 0.07810578105781057 0.20437956204379562
1 0.3391758917589176 0.48996350364963503 0.06457564575645756 0.20985401459854014
1 0.3462484624846249 0.1678832116788321 0.06027060270602706 0.20802919708029197
1 0.44587945879458796 0.1541970802919708 0.07257072570725707 0.22445255474452555
1 0.543050430504305 0.15602189781021897 0.07626076260762608 0.23175182481751824
1 0.6457564575645757 0.15145985401459852 0.07134071340713408 0.17518248175182483
1 0.7472324723247232 0.15328467153284672 0.06642066420664207 0.218978102189781
1 0.8419434194341944 0.15237226277372262 0.06519065190651907 0.20985401459854014
1 0.9468019680196802 0.16423357664233576 0.06949569495694957 0.218978102189781
