1 0.053198031980319804 0.16939890710382513 0.06457564575645756 0.2185792349726776
1 0.1540590405904059 0.16302367941712204 0.07318573185731858 0.21311475409836064
1 0.2555350553505535 0.1621129326047359 0.07195571955719557 0.2185792349726776
1 0.3484009840098401 0.16120218579234974 0.06457564575645756 0.2495446265938069
1 0.44710947109471094 0.15209471766848817 0.06519065190651907 0.21311475409836064
1 0.5467404674046741 0.15664845173041894 0.07380073800738007 0.20400728597449908
1 0.6469864698646987 0.1557377049180328 0.06396063960639607 0.19854280510018216
1 0.746309963099631 0.14389799635701275 0.07687576875768758 0.19672131147540983
1 0.8434809348093482 0.15664845173041894 0.059655596555965563 0.21129326047358835
1 0.9381918819188192 0.16029143897996356 0.06334563345633457 0.19672131147540983
1 0.9415744157441575 0.46357012750455373 0.06273062730627306 0.1912568306010929
1 0.9443419434194342 0.7941712204007286 0.07195571955719557 0.1894353369763206
1 0.8450184501845018 0.802367941712204 0.06765067650676507 0.19489981785063754
1 0.8431734317343174 0.45901639344262296 0.06273062730627306 0.17486338797814208
1 0.7484624846248463 0.46265938069216755 0.05781057810578106 0.17486338797814208
1 0.7456949569495696 0.7841530054644809 0.06457564575645756 0.151183970856102
1 0.6442189421894219 0.46357012750455373 0.06826568265682657 0.18397085610200364
1 0.6488314883148831 0.7950819672131147 0.07749077490774908 0.20218579234972678
1 0.5467404674046741 0.49544626593806923 0.07011070110701108 0.21493624772313297
1 0.5501230012300123 0.8014571948998178 0.06457564575645756 0.1930783242258652
1 0.44772447724477243 0.807832422586521 0.07011070110701108 0.1766848816029144
1 0.444649446494465 0.4744990892531876 0.06642066420664207 0.18761384335154827
1 0.34686346863468637 0.47358834244080145 0.06765067650676507 0.2185792349726776
1 0.3453259532595326 0.8132969034608379 0.05719557195571956 0.2167577413479053
1 0.247539975399754 0.47996357012750457 0.06949569495694957 0.19489981785063754
1 0.2515375153751538 0.8041894353369763 0.07380073800738007 0.22768670309653916
1 0.1479089790897909 0.48360655737704916 0.06580565805658056 0.20218579234972678
1 0.053813038130381304 0.48816029143898 0.07441574415744158 0.20765027322404372
1 0.054735547355473556 0.8051001821493625 0.06765067650676507 0.2185792349726776
1 0.15375153751537515 0.8005464480874317 0.05289052890528905 0.16939890710382513
