0 0.05321100917431192 0.21404399323181048 0.06360856269113149 0.18104906937394247
1 0.15565749235474005 0.21065989847715735 0.05932721712538226 0.17766497461928935
1 0.25749235474006116 0.2233502538071066 0.05626911314984709 0.17597292724196276
1 0.35259938837920485 0.21996615905245345 0.05810397553516819 0.19289340101522842
1 0.4596330275229358 0.21489001692047377 0.06788990825688072 0.20304568527918782
1 0.5504587155963302 0.21489001692047377 0.06972477064220182 0.20981387478849406
1 0.6455657492354739 0.21150592216582065 0.06299694189602446 0.19627749576988154
1 0.7519877675840978 0.20981387478849406 0.06788990825688072 0.17258883248730963
1 0.8470948012232415 0.20219966159052452 0.06483180428134556 0.1878172588832487
1 0.9519877675840978 0.21150592216582065 0.06177370030581039 0.16243654822335024
1 0.9428134556574923 0.5025380710659898 0.06666666666666667 0.1692047377326565
1 0.9452599388379205 0.8096446700507614 0.06055045871559633 0.18104906937394247
1 0.845565749235474 0.799492385786802 0.06055045871559633 0.1641285956006768
1 0.7434250764525994 0.8037225042301184 0.06055045871559633 0.1793570219966159
1 0.6553516819571865 0.8307952622673435 0.06055045871559633 0.1658206429780034
1 0.5483180428134556 0.8138747884940778 0.06177370030581039 0.1895093062605753
1 0.4495412844036697 0.8130287648054145 0.06483180428134556 0.16751269035532995
1 0.3510703363914373 0.820642978003384 0.06116207951070336 0.18274111675126903
1 0.25076452599388377 0.820642978003384 0.05259938837920489 0.19289340101522842
1 0.16085626911314985 0.8028764805414551 0.0672782874617737 0.1742808798646362
1 0.06177370030581039 0.8138747884940778 0.05259938837920489 0.1793570219966159
1 0.05840978593272171 0.5042301184433164 0.06177370030581039 0.1793570219966159
1 0.1599388379204893 0.511844331641286 0.06788990825688072 0.1505922165820643
1 0.25749235474006116 0.5050761421319797 0.07217125382262997 0.1742808798646362
1 0.3568807339449541 0.5109983079526227 0.072782874617737 0.20981387478849406
1 0.4519877675840978 0.5194585448392555 0.05626911314984709 0.19289340101522842
1 0.555045871559633 0.5135363790186125 0.05932721712538226 0.17766497461928935
1 0.6596330275229357 0.5245346869712352 0.06299694189602446 0.1793570219966159
1 0.7458715596330274 0.5169204737732657 0.06299694189602446 0.1979695431472081
1 0.8501529051987767 0.5143824027072758 0.05259938837920489 0.23350253807106597
