1 0.05132962275819419 0.19425087108013936 0.06060606060606061 0.18641114982578397
1 0.05163883735312307 0.4991289198606272 0.0575139146567718 0.20034843205574912
1 0.05163883735312307 0.8013937282229965 0.05627705627705628 0.18118466898954705
1 0.15429808286951147 0.7970383275261324 0.04514533085961658 0.15853658536585366
1 0.25448361162646876 0.7970383275261324 0.05256648113790972 0.16550522648083624
1 0.24829931972789118 0.4921602787456446 0.05256648113790972 0.19686411149825783
1 0.1487322201607916 0.48257839721254353 0.05627705627705628 0.18466898954703834
1 0.1533704390847248 0.18205574912891986 0.056895485466914045 0.1794425087108014
1 0.2560296846011132 0.17770034843205576 0.053184910327767475 0.156794425087108
1 0.3515769944341373 0.18989547038327526 0.06122448979591837 0.18466898954703834
1 0.34972170686456405 0.4878048780487805 0.0575139146567718 0.1986062717770035
1 0.3487940630797774 0.7935540069686411 0.056895485466914045 0.1794425087108014
1 0.44897959183673475 0.8013937282229965 0.05813234384662957 0.18466898954703834
1 0.5507111935683364 0.7996515679442509 0.055040197897340756 0.17073170731707318
1 0.5528756957328387 0.4834494773519164 0.06307977736549165 0.18989547038327526
1 0.44897959183673475 0.5043554006968641 0.06060606060606061 0.19337979094076654
1 0.45980210265924554 0.2029616724738676 0.058750773036487326 0.18989547038327526
1 0.5513296227581942 0.18205574912891986 0.04761904761904762 0.1759581881533101
1 0.658317872603587 0.18205574912891986 0.06122448979591837 0.18641114982578397
1 0.6542980828695115 0.490418118466899 0.05936920222634509 0.18292682926829268
1 0.6465677179962894 0.8118466898954704 0.05380333951762523 0.18118466898954705
1 0.7551020408163266 0.7996515679442509 0.06184291898577613 0.20557491289198607
1 0.8484848484848485 0.804006968641115 0.04823747680890538 0.18641114982578397
1 0.9474335188620904 0.8144599303135889 0.06802721088435375 0.18292682926829268
1 0.9517625231910947 0.4808362369337979 0.05194805194805195 0.14634146341463414
1 0.8515769944341374 0.49477351916376305 0.05813234384662957 0.1916376306620209
1 0.7504638218923934 0.49390243902439024 0.055040197897340756 0.2073170731707317
1 0.7551020408163266 0.17682926829268292 0.05936920222634509 0.1794425087108014
1 0.8466295609152753 0.1672473867595819 0.06679035250463822 0.17421602787456447
1 0.9495980210265925 0.17770034843205576 0.05132962275819419 0.18815331010452963
