1 0.052919708029197085 0.147005444646098 0.06082725060827251 0.21052631578947367
1 0.054440389294403896 0.45462794918330307 0.06265206812652069 0.1869328493647913
0 0.06113138686131387 0.8139745916515426 0.06995133819951338 0.22686025408348456
1 0.15450121654501217 0.7976406533575318 0.07177615571776155 0.2304900181488203
1 0.25547445255474455 0.8076225045372051 0.06569343065693431 0.22504537205081668
1 0.3537104622871046 0.7976406533575318 0.06143552311435523 0.1869328493647913
1 0.4595498783454988 0.7867513611615244 0.05535279805352798 0.17241379310344826
1 0.5517031630170316 0.7831215970961887 0.057177615571776155 0.17241379310344826
1 0.6548053527980535 0.8012704174228675 0.07481751824817519 0.21960072595281305
1 0.7524330900243309 0.7722323049001815 0.06326034063260341 0.19419237749546278
1 0.856447688564477 0.7849364791288566 0.07299270072992702 0.19782214156079855
1 0.9543795620437956 0.7840290381125227 0.07420924574209246 0.18874773139745915
1 0.9522506082725061 0.46188747731397456 0.05778588807785888 0.19419237749546278
1 0.8552311435523114 0.4609800362976406 0.06569343065693431 0.20326678765880218
1 0.7503041362530414 0.4646098003629764 0.06995133819951338 0.22141560798548093
1 0.6548053527980535 0.4691470054446461 0.06143552311435523 0.18330308529945552
1 0.5504866180048662 0.4673321234119782 0.05961070559610706 0.17241379310344826
1 0.4559002433090024 0.47005444646098 0.05778588807785888 0.19237749546279492
1 0.3543187347931874 0.47549909255898365 0.06751824817518248 0.22141560798548093
1 0.2582116788321168 0.46188747731397456 0.05778588807785888 0.16878402903811252
1 0.15541362530413624 0.46188747731397456 0.06143552311435523 0.1869328493647913
1 0.1551094890510949 0.14609800362976405 0.043795620437956206 0.17241379310344826
1 0.2475669099756691 0.16606170598911071 0.06934306569343066 0.20508166969147004
1 0.35523114355231145 0.14609800362976405 0.046228710462287104 0.17967332123411978
1 0.44951338199513385 0.15970961887477314 0.05596107055961071 0.2395644283121597
1 0.5529197080291971 0.161524500907441 0.05474452554744526 0.22504537205081668
1 0.6529805352798054 0.16061705989110708 0.06995133819951338 0.22323049001814882
1 0.7548661800486618 0.13611615245009073 0.0705596107055961 0.21415607985480942
1 0.8494525547445255 0.14156079854809436 0.07481751824817519 0.22504537205081668
1 0.9525547445255474 0.14609800362976405 0.07177615571776155 0.2014519056261343
