1 0.057028360049321825 0.15934065934065933 0.06966707768187423 0.21611721611721613
1 0.054870530209617754 0.47985347985347987 0.06288532675709001 0.2271062271062271
1 0.05363748458692972 0.8067765567765568 0.06781750924784218 0.21794871794871795
1 0.156288532675709 0.8058608058608059 0.06966707768187423 0.21611721611721613
1 0.1498150431565968 0.4597069597069597 0.06535141800246609 0.18681318681318682
1 0.156288532675709 0.1565934065934066 0.06966707768187423 0.21428571428571427
1 0.25554870530209617 0.1401098901098901 0.06226880394574599 0.1813186813186813
1 0.25092478421701603 0.4725274725274725 0.07521578298397041 0.21611721611721613
1 0.25431565967940817 0.8031135531135531 0.07213316892725032 0.19597069597069597
1 0.35696670776818745 0.7948717948717948 0.07644882860665844 0.2454212454212454
1 0.35511713933415534 0.47710622710622713 0.06658446362515413 0.21794871794871795
1 0.3498766954377312 0.1575091575091575 0.0659679408138101 0.18681318681318682
1 0.4525277435265105 0.14377289377289376 0.07151664611590629 0.21428571428571427
1 0.45530209617755857 0.46703296703296704 0.059802712700369916 0.20146520146520147
1 0.4528360049321825 0.8058608058608059 0.07706535141800247 0.22344322344322345
1 0.5533292231812578 0.7802197802197802 0.07459926017262639 0.21611721611721613
1 0.6482737361282368 0.7857142857142857 0.06843403205918619 0.19413919413919414
1 0.7561652281134402 0.7893772893772893 0.07336621454993834 0.2087912087912088
1 0.8508014796547473 0.7994505494505495 0.07151664611590629 0.22893772893772893
1 0.9516029593094945 0.8031135531135531 0.07459926017262639 0.22893772893772893
1 0.9506781750924784 0.46794871794871795 0.07768187422934648 0.21062271062271062
1 0.8492601726263872 0.46153846153846156 0.07583230579531443 0.21245421245421245
1 0.7515413070283601 0.46794871794871795 0.06041923551171394 0.17399267399267399
1 0.6454993834771887 0.4597069597069597 0.06165228113440197 0.18315018315018314
1 0.5490135635018496 0.4807692307692308 0.06473489519112208 0.22893772893772893
1 0.5490135635018496 0.1382783882783883 0.06226880394574599 0.21062271062271062
1 0.6522811344019729 0.1401098901098901 0.0530209617755857 0.2032967032967033
1 0.748766954377312 0.14652014652014653 0.07090012330456227 0.19413919413919414
1 0.8480271270036992 0.15567765567765568 0.06350184956843404 0.18681318681318682
1 0.9506781750924784 0.14194139194139194 0.06781750924784218 0.19230769230769232
