1 0.06142506142506143 0.19812925170068027 0.06511056511056511 0.20238095238095238
1 0.05866093366093366 0.4974489795918367 0.06203931203931204 0.1649659863945578
1 0.05743243243243243 0.8061224489795918 0.07555282555282555 0.18707482993197277
1 0.16277641277641278 0.7993197278911565 0.052825552825552825 0.18707482993197277
1 0.16031941031941033 0.4931972789115646 0.060196560196560195 0.2074829931972789
1 0.15724815724815724 0.19302721088435373 0.05036855036855037 0.1649659863945578
1 0.2546068796068796 0.1845238095238095 0.06326781326781326 0.17857142857142858
1 0.2582923832923833 0.49914965986394555 0.055896805896805894 0.17857142857142858
1 0.2558353808353808 0.8035714285714285 0.05835380835380835 0.17857142857142858
1 0.363022113022113 0.7967687074829932 0.06511056511056511 0.20918367346938774
1 0.3535012285012285 0.49234693877551017 0.06326781326781326 0.1989795918367347
1 0.3642506142506142 0.1683673469387755 0.05773955773955774 0.13605442176870747
1 0.45208845208845205 0.18537414965986393 0.06511056511056511 0.20068027210884354
1 0.4539312039312039 0.5076530612244898 0.06756756756756757 0.18877551020408162
1 0.45884520884520885 0.8052721088435374 0.06511056511056511 0.18877551020408162
1 0.5543611793611793 0.7933673469387755 0.06449631449631449 0.18537414965986393
1 0.5592751842751843 0.5017006802721088 0.06203931203931204 0.20068027210884354
1 0.558046683046683 0.19472789115646258 0.05835380835380835 0.20918367346938774
1 0.6526412776412777 0.18877551020408162 0.05343980343980344 0.17687074829931973
1 0.6569410319410319 0.5 0.05343980343980344 0.19387755102040816
1 0.6474201474201474 0.7942176870748299 0.06756756756756757 0.19047619047619047
1 0.75 0.7967687074829932 0.06511056511056511 0.20238095238095238
1 0.7509213759213759 0.49574829931972786 0.06449631449631449 0.20578231292517005
1 0.7518427518427518 0.18962585034013604 0.05896805896805897 0.18877551020408162
1 0.8519656019656019 0.18282312925170066 0.052825552825552825 0.17517006802721088
1 0.847051597051597 0.48384353741496594 0.06142506142506143 0.17517006802721088
1 0.8522727272727273 0.7993197278911565 0.06326781326781326 0.17346938775510204
1 0.9517813267813268 0.8154761904761905 0.05958230958230958 0.18877551020408162
1 0.953009828009828 0.49914965986394555 0.06326781326781326 0.195578231292517
1 0.9536240786240786 0.19047619047619047 0.06326781326781326 0.20408163265306123
