1 0.049221183800623056 0.1881625441696113 0.07725856697819315 0.19257950530035337
1 0.04548286604361371 0.5026501766784452 0.07601246105919003 0.22084805653710246
1 0.049532710280373836 0.8118374558303887 0.051713395638629284 0.1784452296819788
1 0.14330218068535827 0.8012367491166078 0.05856697819314642 0.2137809187279152
1 0.24330218068535828 0.8224381625441696 0.05545171339563863 0.18197879858657243
1 0.14517133956386294 0.4955830388692579 0.0735202492211838 0.17491166077738515
1 0.14454828660436136 0.18462897526501768 0.07476635514018692 0.19257950530035337
1 0.24205607476635516 0.17137809187279152 0.08037383177570094 0.21908127208480566
1 0.3504672897196262 0.17491166077738515 0.06542056074766356 0.18374558303886926
1 0.24485981308411217 0.49823321554770317 0.07601246105919003 0.2226148409893993
1 0.3504672897196262 0.5106007067137809 0.07663551401869159 0.20141342756183744
1 0.34610591900311527 0.8056537102473498 0.05794392523364486 0.1872791519434629
1 0.4517133956386293 0.8144876325088339 0.05732087227414331 0.20848056537102475
1 0.44953271028037384 0.5017667844522968 0.06292834890965732 0.19081272084805653
1 0.4454828660436137 0.18286219081272084 0.0809968847352025 0.2067137809187279
1 0.5485981308411215 0.19257950530035337 0.07788161993769471 0.21908127208480566
1 0.5442367601246106 0.5053003533568905 0.07663551401869159 0.22614840989399293
1 0.5439252336448598 0.8038869257950529 0.06355140186915888 0.18021201413427562
1 0.6514018691588785 0.8136042402826855 0.06417445482866044 0.21731448763250882
1 0.6454828660436137 0.5123674911660777 0.05856697819314642 0.20141342756183744
1 0.6492211838006231 0.19257950530035337 0.059813084112149535 0.20494699646643108
1 0.7442367601246106 0.17756183745583037 0.06666666666666667 0.20318021201413428
1 0.8501557632398754 0.18462897526501768 0.05669781931464175 0.19964664310954064
1 0.7451713395638629 0.4832155477031802 0.049844236760124616 0.17137809187279152
1 0.7495327102803738 0.8136042402826855 0.0660436137071651 0.18197879858657243
1 0.8510903426791278 0.8180212014134276 0.05732087227414331 0.18374558303886926
1 0.945171339563863 0.8065371024734982 0.05358255451713396 0.16784452296819788
1 0.950778816199377 0.5 0.05109034267912773 0.1872791519434629
1 0.84797507788162 0.4955830388692579 0.056074766355140186 0.21024734982332155
1 0.953582554517134 0.1704946996466431 0.07289719626168224 0.196113074204947
