1 0.05452292441140025 0.14824797843665768 0.048327137546468404 0.1293800539083558
1 0.0563816604708798 0.40161725067385445 0.05080545229244114 0.16711590296495957
1 0.05297397769516729 0.633423180592992 0.06505576208178439 0.15363881401617252
1 0.05421313506815366 0.8652291105121295 0.05018587360594796 0.1266846361185984
1 0.15551425030978935 0.8746630727762804 0.05947955390334572 0.15902964959568733
1 0.2527881040892193 0.8766846361185985 0.04956629491945477 0.15229110512129382
1 0.35285006195786867 0.8793800539083558 0.05762081784386617 0.15768194070080863
1 0.46158612143742256 0.8753369272237197 0.05328376703841388 0.13611859838274934
1 0.5539033457249071 0.8793800539083558 0.06567534076827757 0.13881401617250674
1 0.6521065675340768 0.8766846361185985 0.06753407682775713 0.13881401617250674
1 0.7518587360594796 0.8773584905660378 0.06629491945477076 0.14824797843665768
1 0.7534076827757126 0.6381401617250674 0.07311028500619579 0.1684636118598383
1 0.8574969021065676 0.6381401617250674 0.06319702602230483 0.16037735849056606
1 0.9526022304832714 0.63544474393531 0.07125154894671623 0.1711590296495957
1 0.952912019826518 0.3894878706199461 0.05947955390334572 0.16711590296495957
1 0.9516728624535316 0.15026954177897575 0.06939281288723669 0.16307277628032346
1 0.8587360594795539 0.15431266846361186 0.06319702602230483 0.17924528301886794
1 0.8565675340768277 0.3867924528301887 0.07496902106567534 0.14824797843665768
1 0.751548946716233 0.3881401617250674 0.05947955390334572 0.14824797843665768
1 0.7565055762081785 0.1556603773584906 0.06815365551425032 0.16307277628032346
1 0.6545848822800496 0.1495956873315364 0.06505576208178439 0.15094339622641512
1 0.5551425030978935 0.15229110512129382 0.0644361833952912 0.15363881401617252
1 0.4510532837670384 0.15161725067385445 0.06567534076827757 0.15768194070080863
1 0.35285006195786867 0.15229110512129382 0.05762081784386617 0.15363881401617252
1 0.2534076827757125 0.1570080862533693 0.05328376703841388 0.15229110512129382
1 0.1654275092936803 0.1495956873315364 0.061957868649318466 0.14824797843665768
1 0.1490086741016109 0.3982479784366577 0.0563816604708798 0.15768194070080863
1 0.15024783147459728 0.6388140161725068 0.06257744733581165 0.15633423180592992
1 0.2577447335811648 0.633423180592992 0.061957868649318466 0.14824797843665768
1 0.3537794299876084 0.6381401617250674 0.07063197026022305 0.14420485175202158
1 0.4547707558859975 0.6455525606469003 0.057001239157372985 0.15363881401617252
1 0.5529739776951673 0.6293800539083558 0.06133828996282528 0.16172506738544476
1 0.6558240396530359 0.6408355795148248 0.06629491945477076 0.15229110512129382
1 0.654275092936803 0.4002695417789758 0.05452292441140025 0.14824797843665768
1 0.5585501858736059 0.3881401617250674 0.06629491945477076 0.15094339622641512
1 0.451363073110285 0.39892183288409705 0.06505576208178439 0.15363881401617252
1 0.35718711276332094 0.3995956873315364 0.05390334572490706 0.14690026954177898
1 0.25185873605947956 0.3975741239892184 0.06753407682775713 0.14824797843665768
