1 0.05132145052243392 0.19863013698630136 0.060848186846957586 0.19863013698630136
1 0.06330669944683466 0.509417808219178 0.060233558696988314 0.20034246575342465
1 0.05685310387215734 0.8159246575342465 0.05347264904732636 0.1763698630136986
1 0.1533497234173325 0.8039383561643835 0.060848186846957586 0.17294520547945205
1 0.16195451751690226 0.5042808219178082 0.06822372464658881 0.20376712328767121
1 0.15949600491702517 0.1840753424657534 0.060848186846957586 0.17294520547945205
1 0.25414874001229254 0.1952054794520548 0.05593116164720344 0.1678082191780822
1 0.2526121696373694 0.5025684931506849 0.0626920712968654 0.1797945205479452
1 0.25046097111247695 0.8107876712328766 0.057160417947141974 0.16952054794520546
1 0.3552550706822372 0.8184931506849314 0.0799016594960049 0.21575342465753422
1 0.36078672403196066 0.49400684931506844 0.059004302397049777 0.15924657534246575
1 0.3521819299323909 0.19434931506849315 0.057775046097111246 0.19006849315068491
1 0.45328826060233557 0.20633561643835616 0.07314074984634296 0.1763698630136986
1 0.45974185617701285 0.4922945205479452 0.07498463429625077 0.1523972602739726
1 0.45574677320221263 0.8210616438356164 0.06453595574677319 0.19006849315068491
1 0.5507068223724646 0.8022260273972602 0.05654578979717271 0.16952054794520546
1 0.5540872771972956 0.48972602739726023 0.04609711124769514 0.13013698630136986
1 0.5525507068223724 0.16095890410958902 0.06883835279655807 0.136986301369863
1 0.6548862937922556 0.17893835616438356 0.0547019053472649 0.1352739726027397
1 0.6521204671173939 0.5068493150684932 0.060233558696988314 0.14383561643835616
1 0.6481253841425937 0.8065068493150684 0.07559926244622003 0.17465753424657532
1 0.7507682851874615 0.7851027397260274 0.052243392747387825 0.1626712328767123
1 0.8546404425322679 0.8056506849315068 0.052243392747387825 0.15924657534246575
1 0.9449907805777504 0.7825342465753424 0.06207744314689612 0.14383561643835616
1 0.9517516902274124 0.5025684931506849 0.05347264904732636 0.1352739726027397
1 0.8506453595574677 0.4982876712328767 0.060233558696988314 0.1643835616438356
1 0.7547633681622617 0.5068493150684932 0.057775046097111246 0.14726027397260272
1 0.749539028887523 0.19263698630136986 0.06453595574677319 0.18321917808219176
1 0.8451137062077443 0.1952054794520548 0.059004302397049777 0.19863013698630136
1 0.9532882606023355 0.19006849315068491 0.0762138905961893 0.17123287671232876
