1 0.047280593325092705 0.1572727272727273 0.05995055624227441 0.19090909090909092
1 0.04820766378244746 0.47454545454545455 0.06427688504326329 0.18545454545454546
1 0.043263288009888747 0.8072727272727273 0.055624227441285534 0.20363636363636364
1 0.15883807169344868 0.7990909090909091 0.061804697156983925 0.15454545454545454
1 0.1511124845488257 0.4918181818181818 0.06860321384425215 0.21636363636363637
1 0.15203955500618047 0.14636363636363636 0.07045735475896167 0.22363636363636363
1 0.26297898640296663 0.15 0.06983930778739184 0.17272727272727273
1 0.24938195302843014 0.4763636363636364 0.06118665018541409 0.19636363636363635
1 0.2515451174289246 0.8072727272727273 0.07787391841779974 0.19636363636363635
1 0.35135970333745364 0.7927272727272727 0.06118665018541409 0.18181818181818182
1 0.35568603213844247 0.48363636363636364 0.07354758961681088 0.23636363636363636
1 0.353831891223733 0.15181818181818182 0.06365883807169344 0.19090909090909092
1 0.4465389369592089 0.14909090909090908 0.05624227441285537 0.19636363636363635
1 0.45148331273176756 0.47909090909090907 0.06489493201483312 0.2018181818181818
1 0.4480840543881335 0.8081818181818182 0.07663782447466007 0.21272727272727274
1 0.5512978986402967 0.7927272727272727 0.060568603213844247 0.22545454545454546
1 0.5525339925834363 0.47909090909090907 0.07292954264524103 0.2018181818181818
1 0.5485166872682323 0.13818181818181818 0.058714462299134726 0.18545454545454546
1 0.6474042027194066 0.16363636363636364 0.06983930778739184 0.22181818181818183
1 0.6470951792336217 0.4809090909090909 0.07292954264524103 0.19454545454545455
1 0.6523485784919654 0.8081818181818182 0.06860321384425215 0.20909090909090908
1 0.7509270704573547 0.8072727272727273 0.060568603213844247 0.19272727272727272
1 0.8451792336217552 0.8063636363636364 0.058714462299134726 0.2018181818181818
1 0.949629171817058 0.8072727272727273 0.06736711990111248 0.2109090909090909
1 0.9434487021013597 0.4618181818181818 0.07231149567367119 0.19636363636363635
1 0.8445611866501853 0.4772727272727273 0.06736711990111248 0.19818181818181818
1 0.7475278121137205 0.4772727272727273 0.07231149567367119 0.19818181818181818
1 0.7425834363411619 0.13090909090909092 0.04758961681087762 0.16363636363636364
1 0.8470333745364647 0.14545454545454545 0.06118665018541409 0.1709090909090909
1 0.9462299134734239 0.15181818181818182 0.07169344870210136 0.2018181818181818
