1 0.048218673218673215 0.20134228187919462 0.055896805896805894 0.16442953020134227
1 0.04914004914004914 0.511744966442953 0.05405405405405405 0.18456375838926173
1 0.04054054054054054 0.8137583892617449 0.04668304668304668 0.16778523489932887
1 0.14496314496314497 0.7885906040268457 0.060196560196560195 0.17114093959731544
1 0.2524570024570025 0.7810402684563759 0.052825552825552825 0.16275167785234898
1 0.35319410319410316 0.7978187919463087 0.05651105651105651 0.15268456375838926
1 0.44563882063882065 0.7961409395973155 0.05098280098280098 0.17953020134228187
1 0.546990171990172 0.8070469798657718 0.04361179361179361 0.16778523489932887
1 0.6403562653562653 0.796979865771812 0.06203931203931204 0.19463087248322147
1 0.7371007371007371 0.796979865771812 0.06142506142506143 0.18791946308724833
1 0.8482800982800982 0.796979865771812 0.06388206388206388 0.17785234899328858
1 0.9434889434889435 0.7953020134228188 0.05773955773955774 0.1912751677852349
1 0.937960687960688 0.5016778523489933 0.052825552825552825 0.17114093959731544
1 0.8366093366093366 0.5218120805369127 0.06388206388206388 0.1912751677852349
1 0.7401719901719902 0.5083892617449665 0.052825552825552825 0.174496644295302
1 0.6412776412776413 0.4815436241610738 0.05528255528255528 0.13758389261744966
1 0.5460687960687961 0.49748322147651003 0.06633906633906633 0.17953020134228187
1 0.4453316953316953 0.4832214765100671 0.05651105651105651 0.1610738255033557
1 0.3449017199017199 0.5016778523489933 0.05958230958230958 0.16442953020134227
1 0.24662162162162163 0.4949664429530201 0.06081081081081081 0.15771812080536912
1 0.15202702702702703 0.5285234899328859 0.05835380835380835 0.2046979865771812
1 0.1511056511056511 0.19714765100671142 0.05528255528255528 0.15268456375838926
1 0.24969287469287468 0.19630872483221476 0.05098280098280098 0.18456375838926173
1 0.33998771498771496 0.18708053691275167 0.06449631449631449 0.17953020134228187
1 0.4401105651105651 0.2181208053691275 0.05958230958230958 0.18456375838926173
1 0.547911547911548 0.19798657718120805 0.06511056511056511 0.17114093959731544
1 0.6495700245700246 0.20218120805369127 0.05835380835380835 0.16610738255033558
1 0.746007371007371 0.18791946308724833 0.06572481572481573 0.17785234899328858
1 0.8381449631449631 0.19714765100671142 0.06572481572481573 0.1761744966442953
1 0.9441031941031941 0.1912751677852349 0.05651105651105651 0.15436241610738255
