1 0.052024922118380064 0.18430034129692832 0.06791277258566979 0.20136518771331058
1 0.05046728971962617 0.4786689419795222 0.059813084112149535 0.1962457337883959
1 0.05451713395638629 0.7918088737201365 0.06791277258566979 0.18771331058020477
1 0.15700934579439252 0.7841296928327645 0.06355140186915888 0.18941979522184302
1 0.25825545171339565 0.7721843003412969 0.06168224299065421 0.17918088737201365
1 0.2573208722741433 0.5042662116040956 0.08348909657320873 0.2030716723549488
1 0.15700934579439252 0.4880546075085324 0.07476635514018692 0.19112627986348124
1 0.1545171339563863 0.17320819112627986 0.064797507788162 0.16552901023890784
1 0.2557632398753894 0.18430034129692832 0.06666666666666667 0.17747440273037543
1 0.3598130841121496 0.18771331058020477 0.06666666666666667 0.1945392491467577
1 0.3520249221183801 0.4863481228668942 0.06230529595015576 0.1945392491467577
1 0.35545171339563864 0.8037542662116041 0.06168224299065421 0.1945392491467577
1 0.45825545171339566 0.7986348122866894 0.07538940809968847 0.22184300341296928
1 0.4542056074766355 0.4854948805460751 0.064797507788162 0.19965870307167236
1 0.45700934579439256 0.16040955631399317 0.06791277258566979 0.18088737201365188
1 0.5638629283489097 0.20051194539249148 0.06728971962616823 0.1757679180887372
1 0.5604361370716511 0.48378839590443684 0.06542056074766356 0.1962457337883959
1 0.5538940809968848 0.7918088737201365 0.0660436137071651 0.20819112627986347
1 0.6573208722741434 0.7935153583617748 0.07476635514018692 0.20477815699658702
1 0.6598130841121496 0.47440273037542663 0.05856697819314642 0.17064846416382254
1 0.6542056074766356 0.19795221843003413 0.0660436137071651 0.17747440273037543
1 0.7489096573208723 0.1825938566552901 0.06728971962616823 0.19112627986348124
1 0.759190031152648 0.4854948805460751 0.07165109034267914 0.17918088737201365
1 0.7566978193146418 0.7849829351535836 0.06791277258566979 0.16723549488054607
1 0.8582554517133957 0.7849829351535836 0.07414330218068536 0.20819112627986347
1 0.8619937694704051 0.49146757679180886 0.06292834890965732 0.18771331058020477
0 0.8623052959501558 0.17918088737201365 0.0660436137071651 0.15699658703071673
0 0.9566978193146418 0.18088737201365188 0.07040498442367601 0.20136518771331058
1 0.9613707165109034 0.4786689419795222 0.056074766355140186 0.1757679180887372
1 0.9566978193146418 0.7960750853242321 0.06417445482866044 0.17918088737201365
