1 0.05474006116207951 0.19627749576988154 0.06055045871559633 0.1895093062605753
1 0.1568807339449541 0.17681895093062605 0.07767584097859327 0.17766497461928935
1 0.2495412844036697 0.18612521150592215 0.06360856269113149 0.16243654822335024
1 0.35382262996941893 0.21235194585448391 0.07522935779816513 0.1878172588832487
1 0.4483180428134556 0.20135363790186125 0.05259938837920489 0.17597292724196276
1 0.5470948012232416 0.20135363790186125 0.06055045871559633 0.18274111675126903
1 0.6452599388379204 0.19627749576988154 0.05382262996941896 0.1996615905245347
1 0.7397553516819572 0.18527918781725888 0.06055045871559633 0.1641285956006768
1 0.8434250764525993 0.1996615905245347 0.058715596330275226 0.18612521150592215
1 0.9406727828746176 0.20981387478849406 0.06360856269113149 0.19289340101522842
1 0.9458715596330275 0.5025380710659898 0.0691131498470948 0.1895093062605753
1 0.9486238532110091 0.8096446700507614 0.07217125382262997 0.20473773265651438
1 0.8477064220183486 0.8028764805414551 0.06116207951070336 0.18104906937394247
1 0.845565749235474 0.5008460236886633 0.06177370030581039 0.1895093062605753
1 0.7480122324159021 0.4932318104906937 0.05993883792048929 0.1844331641285956
1 0.7507645259938838 0.8079526226734348 0.06666666666666667 0.19120135363790186
1 0.65565749235474 0.5084602368866328 0.058715596330275226 0.17766497461928935
1 0.6470948012232416 0.8045685279187818 0.0672782874617737 0.1878172588832487
1 0.5452599388379205 0.8045685279187818 0.05810397553516819 0.1878172588832487
1 0.5529051987767584 0.49576988155668356 0.0672782874617737 0.20642978003384094
1 0.4510703363914373 0.4873096446700507 0.07400611620795107 0.18274111675126903
1 0.4477064220183486 0.7944162436548223 0.058715596330275226 0.1742808798646362
1 0.34831804281345563 0.4991539763113367 0.06422018348623852 0.20981387478849406
1 0.35443425076452595 0.7969543147208121 0.06666666666666667 0.21658206429780033
1 0.2510703363914373 0.4856175972927242 0.06299694189602446 0.1895093062605753
1 0.25412844036697246 0.7961082910321489 0.06788990825688072 0.1878172588832487
1 0.16146788990825686 0.799492385786802 0.07339449541284403 0.21150592216582065
1 0.1525993883792049 0.4906937394247039 0.06299694189602446 0.155668358714044
1 0.05412844036697247 0.48223350253807107 0.05932721712538226 0.18274111675126903
1 0.06116207951070336 0.7927241962774958 0.06850152905198777 0.1742808798646362
