1 0.05797546012269939 0.16391941391941392 0.06564417177914111 0.21794871794871795
1 0.05552147239263804 0.4816849816849817 0.05092024539877301 0.2087912087912088
1 0.06042944785276074 0.8067765567765568 0.052147239263803685 0.19963369963369965
1 0.15644171779141106 0.7921245421245421 0.05276073619631902 0.15934065934065933
1 0.1561349693251534 0.489010989010989 0.05337423312883436 0.18681318681318682
1 0.15460122699386503 0.14377289377289376 0.05644171779141104 0.17765567765567766
1 0.25766871165644173 0.1565934065934066 0.04785276073619632 0.21062271062271062
1 0.2530674846625767 0.48626373626373626 0.06441717791411043 0.21428571428571427
1 0.2570552147239264 0.815018315018315 0.0638036809815951 0.21611721611721613
1 0.35858895705521476 0.8095238095238095 0.06319018404907976 0.20512820512820512
1 0.4582822085889571 0.8113553113553114 0.06625766871165645 0.21245421245421245
1 0.5530674846625767 0.8086080586080586 0.06687116564417178 0.24358974358974358
1 0.6558282208588957 0.8031135531135531 0.07730061349693251 0.25824175824175827
1 0.751840490797546 0.8104395604395604 0.07055214723926381 0.21062271062271062
1 0.8570552147239264 0.8159340659340659 0.06503067484662577 0.21794871794871795
1 0.9475460122699387 0.8122710622710623 0.06564417177914111 0.2216117216117216
1 0.9463190184049081 0.48626373626373626 0.05582822085889571 0.19597069597069597
1 0.9481595092024541 0.14926739926739926 0.07055214723926381 0.2032967032967033
1 0.8481595092024541 0.1575091575091575 0.06196319018404908 0.21611721611721613
1 0.8512269938650308 0.46703296703296704 0.05582822085889571 0.18315018315018314
1 0.7530674846625768 0.489010989010989 0.05582822085889571 0.21611721611721613
1 0.7503067484662577 0.14560439560439561 0.05521472392638037 0.163003663003663
1 0.6512269938650307 0.14560439560439561 0.06809815950920246 0.19963369963369965
1 0.652760736196319 0.47710622710622713 0.0588957055214724 0.21794871794871795
1 0.5524539877300614 0.14285714285714285 0.06564417177914111 0.1758241758241758
1 0.5515337423312884 0.47893772893772896 0.060122699386503074 0.21794871794871795
1 0.45306748466257674 0.13553113553113552 0.049693251533742336 0.15384615384615385
1 0.45552147239263807 0.47985347985347987 0.07055214723926381 0.21611721611721613
1 0.3567484662576687 0.13278388278388278 0.054601226993865035 0.17032967032967034
1 0.3549079754601227 0.4826007326007326 0.05828220858895706 0.21428571428571427
