1 0.05731707317073171 0.15489130434782608 0.07439024390243902 0.21920289855072464
1 0.05365853658536585 0.46467391304347827 0.05 0.20108695652173914
1 0.05975609756097561 0.7989130434782609 0.06219512195121951 0.2246376811594203
1 0.15 0.473731884057971 0.06097560975609756 0.22282608695652173
1 0.1521341463414634 0.7961956521739131 0.05914634146341463 0.20833333333333334
1 0.15426829268292683 0.15307971014492755 0.07195121951219512 0.18659420289855072
1 0.25152439024390244 0.1539855072463768 0.06280487804878049 0.213768115942029
1 0.25152439024390244 0.4782608695652174 0.0676829268292683 0.2391304347826087
1 0.2530487804878049 0.7971014492753623 0.06341463414634146 0.213768115942029
1 0.348780487804878 0.7853260869565217 0.06341463414634146 0.22644927536231885
1 0.4475609756097561 0.7952898550724637 0.06585365853658537 0.2246376811594203
1 0.5432926829268293 0.7644927536231885 0.054878048780487805 0.18115942028985507
1 0.3521341463414634 0.46920289855072467 0.06402439024390244 0.2282608695652174
1 0.35335365853658535 0.14673913043478262 0.06524390243902439 0.23550724637681159
1 0.4503048780487805 0.1503623188405797 0.06890243902439025 0.19927536231884058
1 0.450609756097561 0.45471014492753625 0.07073170731707316 0.19927536231884058
1 0.5490853658536585 0.4818840579710145 0.048170731707317074 0.20652173913043478
1 0.5423780487804878 0.13496376811594202 0.06890243902439025 0.18659420289855072
1 0.6417682926829268 0.13496376811594202 0.05914634146341463 0.1793478260869565
1 0.6469512195121951 0.473731884057971 0.06463414634146342 0.21557971014492755
1 0.6432926829268293 0.7880434782608696 0.05731707317073171 0.2028985507246377
1 0.739329268292683 0.8152173913043478 0.06646341463414634 0.2282608695652174
1 0.8417682926829269 0.779891304347826 0.056707317073170734 0.20108695652173914
1 0.9405487804878049 0.7907608695652174 0.060365853658536583 0.20108695652173914
1 0.9429878048780488 0.4818840579710145 0.056707317073170734 0.2210144927536232
1 0.8411585365853659 0.463768115942029 0.05060975609756098 0.17753623188405798
1 0.7423780487804879 0.47101449275362317 0.057926829268292686 0.1847826086956522
1 0.7429878048780488 0.14402173913043478 0.060365853658536583 0.19021739130434784
1 0.8432926829268292 0.16032608695652173 0.07073170731707316 0.21557971014492755
1 0.9378048780487804 0.15217391304347827 0.05731707317073171 0.1956521739130435
