1 0.05305367057371993 0.19055944055944055 0.061690314620604564 0.1888111888111888
1 0.05521283158544109 0.5052447552447552 0.0635410240592227 0.18181818181818182
1 0.05552128315854411 0.8181818181818182 0.06662553979025293 0.17832167832167833
1 0.15638494756323257 0.8208041958041958 0.06971005552128316 0.20454545454545456
1 0.1539173349784084 0.4965034965034965 0.06107341147439852 0.15384615384615385
1 0.15330043183220235 0.18444055944055945 0.07094386181369525 0.21503496503496503
1 0.2498457742134485 0.18181818181818182 0.06662553979025293 0.17482517482517482
1 0.25447254780999384 0.4956293706293706 0.06724244293645898 0.17657342657342656
1 0.25570635410240594 0.8164335664335665 0.0635410240592227 0.2062937062937063
1 0.3553362122146823 0.8199300699300699 0.06785934608266503 0.2097902097902098
1 0.35317705120296117 0.486013986013986 0.06600863664404688 0.19230769230769232
1 0.3479333744602098 0.18094405594405594 0.06909315237507711 0.20804195804195805
1 0.4512646514497224 0.19842657342657344 0.054904380012338064 0.17657342657342656
1 0.45465761875385563 0.5008741258741258 0.0715607649599013 0.21153846153846154
1 0.4521900061690315 0.8173076923076923 0.07032695866748921 0.21503496503496503
1 0.5561381863047502 0.8181818181818182 0.06847624922887106 0.2097902097902098
1 0.5564466378778532 0.5017482517482518 0.06045650832819247 0.2062937062937063
1 0.5496607032695867 0.19055944055944055 0.061690314620604564 0.22727272727272727
1 0.6465144972239358 0.1888111888111888 0.06539173349784085 0.1993006993006993
1 0.6480567550894509 0.4973776223776224 0.06971005552128316 0.21503496503496503
1 0.6517581739666872 0.8155594405594405 0.07094386181369525 0.20104895104895104
1 0.742751388032079 0.798951048951049 0.05305367057371993 0.1958041958041958
1 0.8488587291795189 0.8059440559440559 0.05428747686613202 0.1853146853146853
1 0.9531153608883406 0.8015734265734266 0.06045650832819247 0.19755244755244755
1 0.9537322640345466 0.506993006993007 0.06415792720542875 0.1888111888111888
1 0.8522516964836521 0.5052447552447552 0.07341147439851943 0.2062937062937063
1 0.7495373226403454 0.5 0.07526218383713758 0.2062937062937063
1 0.7486119679210365 0.1861888111888112 0.07094386181369525 0.20454545454545456
1 0.8488587291795189 0.1888111888111888 0.06785934608266503 0.2097902097902098
1 0.9540407156076496 0.18269230769230768 0.0647748303516348 0.20454545454545456
