1 0.052160493827160495 0.14990859232175502 0.06111111111111111 0.20109689213893966
1 0.053086419753086415 0.4725776965265082 0.06172839506172839 0.19195612431444242
1 0.05401234567901234 0.8080438756855576 0.06604938271604938 0.2230347349177331
1 0.15246913580246912 0.8062157221206582 0.06049382716049383 0.17915904936014626
1 0.25462962962962965 0.7897623400365631 0.053703703703703705 0.18647166361974407
1 0.35833333333333334 0.7861060329067642 0.06851851851851852 0.17915904936014626
1 0.46296296296296297 0.7943327239488117 0.0728395061728395 0.1956124314442413
1 0.5549382716049382 0.8053016453382084 0.0728395061728395 0.20292504570383912
1 0.6459876543209876 0.7979890310786106 0.06604938271604938 0.21023765996343693
1 0.7496913580246913 0.809872029250457 0.06358024691358025 0.226691042047532
1 0.85 0.8062157221206582 0.05432098765432099 0.20840950639853748
1 0.9530864197530864 0.7851919561243145 0.05802469135802469 0.19195612431444242
1 0.9490740740740741 0.4606946983546618 0.05864197530864197 0.19012797074954296
1 0.1515432098765432 0.14351005484460694 0.059876543209876544 0.19195612431444242
1 0.1521604938271605 0.47074954296160876 0.059876543209876544 0.20292504570383912
1 0.25339506172839504 0.1453382084095064 0.06234567901234568 0.19195612431444242
1 0.2558641975308642 0.4789762340036563 0.059876543209876544 0.21572212065813529
1 0.35061728395061725 0.4625228519195612 0.0654320987654321 0.21206581352833637
1 0.4546296296296296 0.4753199268738574 0.07469135802469136 0.20109689213893966
1 0.5493827160493827 0.4725776965265082 0.06419753086419754 0.22120658135283364
1 0.6487654320987655 0.4680073126142596 0.06790123456790123 0.2230347349177331
1 0.7558641975308642 0.46983546617915906 0.06234567901234568 0.20109689213893966
1 0.8493827160493826 0.47074954296160876 0.06790123456790123 0.19195612431444242
1 0.35555555555555557 0.14442413162705667 0.06790123456790123 0.19378427787934185
1 0.4521604938271605 0.13893967093235832 0.059876543209876544 0.16453382084095064
1 0.5558641975308641 0.1380255941499086 0.06234567901234568 0.1992687385740402
1 0.6484567901234568 0.13893967093235832 0.06851851851851852 0.20475319926873858
1 0.7503086419753087 0.13711151736745886 0.05864197530864197 0.20475319926873858
1 0.8462962962962963 0.1453382084095064 0.06049382716049383 0.20658135283363802
1 0.9503086419753086 0.13619744058500913 0.06481481481481481 0.22486288848263253
