1 0.05977927651747394 0.18267581475128644 0.06437768240343347 0.2144082332761578
1 0.06100551808706315 0.5034305317324185 0.06315144083384426 0.1869639794168096
1 0.06253832004904966 0.8096054888507719 0.052728387492335986 0.1955403087478559
1 0.1649294911097486 0.8018867924528301 0.0551808706315144 0.19725557461406518
1 0.15818516247700795 0.4922813036020583 0.05763335377069282 0.19210977701543738
1 0.16155732679337828 0.1843910806174957 0.05579399141630901 0.21097770154373927
1 0.2553648068669528 0.17495711835334476 0.061925199264255056 0.18867924528301885
1 0.2550582464745555 0.4974271012006861 0.07357449417535254 0.18524871355060035
1 0.2587369711833231 0.8078902229845626 0.05763335377069282 0.18867924528301885
1 0.3500919681177192 0.8001715265866209 0.05763335377069282 0.18010291595197256
1 0.45493562231759654 0.7864493996569468 0.056407112201103615 0.2315608919382504
1 0.544757817290006 0.7950257289879932 0.06315144083384426 0.2006861063464837
1 0.5493562231759657 0.483704974271012 0.06131207847946045 0.1955403087478559
1 0.4512568976088289 0.48456260720411665 0.06131207847946045 0.18010291595197256
1 0.3559166155732679 0.48542024013722124 0.060698957694665844 0.1955403087478559
1 0.3586756591048436 0.16895368782161235 0.0674432863274065 0.1732418524871355
1 0.4625996321275291 0.18782161234991424 0.06560392397302268 0.20411663807890223
1 0.5530349478847333 0.17495711835334476 0.06989576946658492 0.1955403087478559
1 0.6526670754138565 0.18181818181818182 0.058246474555487426 0.18181818181818182
1 0.6545064377682404 0.47855917667238423 0.05579399141630901 0.16466552315608918
1 0.6560392397302268 0.8078902229845626 0.06253832004904966 0.1955403087478559
1 0.7486204782342121 0.7984562607204116 0.05763335377069282 0.20754716981132076
1 0.7480073574494175 0.4716981132075472 0.07112201103617412 0.19210977701543738
1 0.7529123237277743 0.1732418524871355 0.06253832004904966 0.18867924528301885
1 0.8482526057633353 0.18267581475128644 0.07050889025137952 0.19725557461406518
1 0.8491722869405273 0.4811320754716981 0.06253832004904966 0.16638078902229844
1 0.8430410790925812 0.7924528301886792 0.06621704475781728 0.17152658662092624
1 0.9561618638871857 0.8001715265866209 0.06560392397302268 0.2006861063464837
1 0.9500306560392396 0.48456260720411665 0.058246474555487426 0.16638078902229844
1 0.9509503372164316 0.18524871355060035 0.04904966278356836 0.18524871355060035
