1 0.05126658624849215 0.1607142857142857 0.059107358262967424 0.20714285714285713
1 0.051869722557297944 0.4482142857142857 0.06875753920386007 0.18214285714285713
1 0.05579010856453558 0.8026785714285714 0.06936067551266586 0.18035714285714285
1 0.15259348612786489 0.7999999999999999 0.06272617611580217 0.18928571428571428
1 0.24999999999999997 0.7955357142857142 0.06332931242460796 0.1875
1 0.25150784077201443 0.4491071428571428 0.06634499396863691 0.1839285714285714
1 0.1519903498190591 0.45803571428571427 0.06875753920386007 0.1839285714285714
1 0.15681544028950542 0.15714285714285714 0.05790108564535584 0.18928571428571428
1 0.2496984318455971 0.14642857142857144 0.06393244873341375 0.19999999999999998
1 0.3480096501809409 0.14464285714285713 0.06513872135102533 0.18928571428571428
1 0.35072376357056695 0.4482142857142857 0.06332931242460796 0.17142857142857143
1 0.3498190591073582 0.7803571428571429 0.05790108564535584 0.19999999999999998
1 0.4487334137515078 0.7696428571428571 0.04945717732207479 0.16428571428571428
1 0.5467430639324486 0.7714285714285714 0.060916767189384796 0.19285714285714284
1 0.4469240048250904 0.47232142857142856 0.06272617611580217 0.20535714285714285
1 0.4484318455971049 0.14821428571428572 0.05609167671893848 0.19642857142857142
1 0.5470446320868516 0.15089285714285713 0.06755126658624849 0.20892857142857144
1 0.5437273823884198 0.46785714285714286 0.06815440289505428 0.21071428571428572
1 0.6423401688781665 0.45535714285714285 0.05790108564535584 0.20357142857142857
1 0.643546441495778 0.7919642857142857 0.05790108564535584 0.1625
1 0.6432448733413751 0.15 0.060916767189384796 0.21428571428571427
1 0.7430639324487334 0.15357142857142855 0.06634499396863691 0.19999999999999998
1 0.743968636911942 0.45982142857142855 0.06453558504221954 0.1839285714285714
1 0.7400482509047044 0.7982142857142857 0.059107358262967424 0.16428571428571428
1 0.8365500603136308 0.7883928571428571 0.054282267792521106 0.23035714285714284
1 0.936670687575392 0.7830357142857143 0.059107358262967424 0.19107142857142856
1 0.8413751507840771 0.4607142857142857 0.060313630880579006 0.19285714285714284
1 0.9378769601930036 0.48125 0.059107358262967424 0.18035714285714285
1 0.9390832328106151 0.13125 0.07720144752714113 0.1732142857142857
1 0.8422798552472859 0.15446428571428572 0.0669481302774427 0.18035714285714285
