1 0.052984165651644335 0.17473118279569894 0.06211936662606577 0.2025089605734767
1 0.14738124238733252 0.16577060931899643 0.06090133982947624 0.2025089605734767
1 0.25243605359317906 0.16845878136200718 0.07003654080389768 0.1863799283154122
1 0.3514007308160779 0.1639784946236559 0.05481120584652862 0.2132616487455197
1 0.45158343483556634 0.17293906810035842 0.06394640682095006 0.2168458781362007
1 0.5520706455542022 0.15681003584229392 0.04933008526187576 0.1917562724014337
1 0.6501218026796589 0.15681003584229392 0.04811205846528623 0.18458781362007168
1 0.7487819732034104 0.16577060931899643 0.05176613885505481 0.2025089605734767
1 0.8495736906211936 0.15770609318996415 0.051157125456760044 0.2222222222222222
1 0.9558465286236296 0.16308243727598568 0.05054811205846528 0.1935483870967742
1 0.9531059683313032 0.482078853046595 0.05237515225334957 0.2114695340501792
1 0.9479293544457977 0.7876344086021505 0.06029232643118148 0.1953405017921147
1 0.8501827040194884 0.7831541218637993 0.0535931790499391 0.18996415770609318
1 0.849878197320341 0.48118279569892475 0.05785627283800243 0.20967741935483872
1 0.750913520097442 0.7921146953405018 0.05602923264311815 0.1971326164874552
1 0.7521315468940316 0.478494623655914 0.0535931790499391 0.20430107526881722
1 0.6419001218026796 0.4775985663082437 0.058465286236297195 0.17025089605734767
1 0.6531668696711327 0.7867383512544803 0.04933008526187576 0.16845878136200718
1 0.5520706455542022 0.7974910394265233 0.05907429963459196 0.1971326164874552
1 0.5499390986601705 0.47939068100358423 0.0535931790499391 0.20967741935483872
1 0.4457978075517661 0.47491039426523296 0.05724725943970767 0.20430107526881722
1 0.4528014616321559 0.8010752688172043 0.055420219244823384 0.2078853046594982
1 0.35444579780755175 0.4722222222222222 0.05237515225334957 0.18458781362007168
1 0.35079171741778314 0.8145161290322581 0.05481120584652862 0.2132616487455197
1 0.2503045066991474 0.47043010752688175 0.051157125456760044 0.18458781362007168
1 0.25395858708891594 0.8064516129032258 0.04750304506699147 0.22580645161290322
1 0.15164433617539586 0.4910394265232975 0.05481120584652862 0.2222222222222222
1 0.15621193666260658 0.803763440860215 0.06760048721071864 0.22401433691756273
1 0.048416565164433614 0.47580645161290325 0.06151035322777101 0.1989247311827957
1 0.055420219244823384 0.8019713261648745 0.05237515225334957 0.18100358422939067
